  2          66
    0.0    0.3722E+01       0.24194E-01
    2.0    0.4511E+01       0.40906E-01
    4.0    0.5405E+01       0.66642E-01
    6.0    0.6410E+01       0.10489E+00
    8.0    0.7532E+01       0.15969E+00
   10.0    0.8777E+01       0.23540E+00
   12.0    0.1016E+02       0.33688E+00
   14.0    0.1171E+02       0.46850E+00
   16.0    0.1344E+02       0.63384E+00
   18.0    0.1540E+02       0.83692E+00
   20.0    0.1766E+02       0.10813E+01
   22.0    0.2029E+02       0.13696E+01
   24.0    0.2338E+02       0.17042E+01
   26.0    0.2704E+02       0.20899E+01
   28.0    0.3139E+02       0.25341E+01
   30.0    0.3651E+02       0.30486E+01
   32.0    0.4249E+02       0.36532E+01
   34.0    0.4931E+02       0.43798E+01
   36.0    0.5692E+02       0.52754E+01
   38.0    0.6515E+02       0.64046E+01
   40.0    0.7381E+02       0.78485E+01
   42.0    0.8264E+02       0.96901E+01
   44.0    0.9144E+02       0.12001E+02
   46.0    0.1001E+03       0.14821E+02
   48.0    0.1085E+03       0.18143E+02
   50.0    0.1168E+03       0.21937E+02
   52.0    0.1241E+03       0.25856E+02
   54.0    0.1297E+03       0.29325E+02
   56.0    0.1334E+03       0.32107E+02
   58.0    0.1356E+03       0.33958E+02
   60.0    0.1365E+03       0.34832E+02
   62.0    0.1369E+03       0.35165E+02
   64.0    0.1371E+03       0.35358E+02
   66.0    0.1372E+03       0.35459E+02
   68.0    0.1372E+03       0.35502E+02
   70.0    0.1372E+03       0.35514E+02
   72.0    0.1372E+03       0.35514E+02
   74.0    0.1372E+03       0.35514E+02
   76.0    0.1372E+03       0.35514E+02
   78.0    0.1372E+03       0.35514E+02
   80.0    0.1372E+03       0.35514E+02
   82.0    0.1372E+03       0.35514E+02
   84.0    0.1372E+03       0.35514E+02
   86.0    0.1372E+03       0.35514E+02
   88.0    0.1372E+03       0.35514E+02
   90.0    0.1372E+03       0.35514E+02
   92.0    0.1372E+03       0.35514E+02
   94.0    0.1372E+03       0.35514E+02
   96.0    0.1372E+03       0.35514E+02
   98.0    0.1372E+03       0.35514E+02
  100.0    0.1372E+03       0.35514E+02
  102.0    0.1372E+03       0.35514E+02
  104.0    0.1372E+03       0.35514E+02
  106.0    0.1372E+03       0.35514E+02
  108.0    0.1372E+03       0.35514E+02
  110.0    0.1372E+03       0.35514E+02
  112.0    0.1372E+03       0.35514E+02
  116.0    0.1372E+03       0.35514E+02
  120.0    0.1372E+03       0.35514E+02
  124.0    0.1372E+03       0.35514E+02
  128.0    0.1372E+03       0.35514E+02
  132.0    0.1372E+03       0.35514E+02
  136.0    0.1372E+03       0.35514E+02
  140.0    0.1372E+03       0.35514E+02
  144.0    0.1372E+03       0.35514E+02
  148.0    0.1372E+03       0.35514E+02
