   120.50000     0.00555
   121.50000     9.41778
   122.50000     0.44009
   123.50000     0.05209
   124.50000     0.01892
   125.50000     0.03395
   126.50000     0.05502
   127.50000     0.02733
   128.50000     0.02261
   129.50000     0.02766
   130.50000     0.22839
   131.50000     0.04269
   132.50000     0.02527
   133.50000     0.38895
   134.50000     0.02319
   135.50000     0.05311
   136.50000     0.03868
   137.50000     0.03715
   138.50000     0.03763
   139.50000     0.10739
   140.50000     0.08408
   141.50000     0.05468
   142.50000     0.06300
   143.50000     0.06477
   144.50000     0.06547
   145.50000     0.06915
   146.50000     0.07905
   147.50000     0.10801
   148.50000     0.10191
   149.50000     0.09500
   150.50000     0.10610
   151.50000     0.11583
   152.50000     0.13882
   153.50000     0.15873
   154.50000     0.16044
   155.50000     0.31894
   156.50000     0.26427
   157.50000     0.23447
   158.50000     0.20020
   159.50000     0.21428
   160.50000     0.21074
   161.50000     0.22942
   162.50000     0.25877
   163.50000     0.28144
   164.50000     0.31309
   165.50000     0.47274
   166.50000     0.37996
   167.50000     0.39983
   168.50000     0.43754
   169.50000     0.57422
   170.50000     0.67615
   171.50000     0.67814
   172.50000     0.73004
   173.50000     0.76867
   174.50000     0.88351
   175.50000     1.08684
   176.50000     1.21356
   177.50000     1.44146
   178.50000     1.60034
   179.50000     1.62034
   180.50000     2.12927
   181.50000     2.51657
   182.50000     2.46843
   183.50000     2.59624
   184.50000     2.35870
   185.50000     2.66698
   186.50000     2.96284
   187.50000     3.32715
   188.50000     3.46413
   189.50000     4.00748
   190.50000     4.06802
   191.50000     4.37125
   192.50000     4.79947
   193.50000     3.00859
   194.50000     6.01316
   195.50000     5.78192
   196.50000     6.40130
   197.50000     6.60633
   198.50000     6.59768
   199.50000     7.15087
   200.50000     7.48057
   201.50000     8.39356
   202.50000     8.25683
   203.50000     9.78115
   204.50000    10.40311
   205.50000    10.88346
   206.50000    10.87630
   207.50000    12.65917
   208.50000    13.70961
   209.50000    18.76517
   210.50000    28.70391
   211.50000    28.98962
   212.50000    31.27477
   213.50000    33.74458
   214.50000    37.31778
   215.50000    37.21436
   216.50000    32.60949
   217.50000    33.44082
   218.50000    40.68197
   219.50000    43.52055
   220.50000    51.84865
   221.50000    35.07262
   222.50000    43.30885
   223.50000    60.81989
   224.50000    58.49765
   225.50000    48.05937
   226.50000    42.45042
   227.50000    36.53460
   228.50000    49.01488
   229.50000    45.80945
   230.50000    44.53832
   231.50000    52.02539
   232.50000    45.77168
   233.50000    45.58743
   234.50000    35.78097
   235.50000    48.98692
   236.50000    42.27110
   237.50000    45.62655
   238.50000    40.48816
   239.50000    41.12276
   240.50000    38.46857
   241.50000    42.29310
   242.50000    65.33439
   243.50000    63.15958
   244.50000    59.17180
   245.50000    50.99295
   246.50000    49.89170
   247.50000    53.46098
   248.50000    49.60011
   249.50000    45.91362
   250.50000    60.33828
   251.50000    53.23922
   252.50000    35.53696
   253.50000    47.47255
   254.50000    56.49031
   255.50000    71.65380
   256.50000    84.75550
   257.50000   116.59602
   258.50000   113.98186
   259.50000   132.64867
   260.50000    79.03716
   261.50000    83.17455
   262.50000   101.98060
   263.50000   119.44028
   264.50000   220.80957
   265.50000   270.66660
   266.50000   221.18913
   267.50000   258.98734
   268.50000   243.25877
   269.50000   212.05510
   270.50000   259.81485
   271.50000   270.22086
   272.50000   169.88202
   273.50000   229.37279
   274.50000   130.92935
   275.50000   147.35341
   276.50000   237.08263
   277.50000   264.49011
   278.50000   165.63728
   279.50000   142.28473
   280.50000    99.21265
   281.50000   176.56908
   282.50000   266.63760
   283.50000   319.71014
   284.50000   315.55258
   285.50000    95.50300
   286.50000   270.21713
   287.50000   385.25525
   288.50000   292.11261
   289.50000   405.85159
   290.50000   571.30682
   291.50000   572.42847
   292.50000   557.78796
   293.50000   541.23346
   294.50000   543.56567
   295.50000   505.51080
   296.50000   553.72797
   297.50000   464.16202
   298.50000   433.28162
   299.50000   523.49762
   300.50000   442.96652
   301.50000   468.13248
   302.50000   397.90390
   303.50000   683.11969
   304.50000   602.69800
   305.50000   666.78943
   306.50000   536.30872
   307.50000   650.35681
   308.50000   719.82410
   309.50000   543.54608
   310.50000   511.78021
   311.50000   819.82495
   312.50000   607.61578
   313.50000   703.49475
   314.50000   689.57050
   315.50000   766.37323
   316.50000   584.74084
   317.50000   747.90466
   318.50000   597.52814
   319.50000   750.14722
   320.50000   880.60260
   321.50000   778.90411
   322.50000   747.68518
   323.50000   658.39929
   324.50000   866.14819
   325.50000   859.79187
   326.50000  1105.52124
   327.50000  1028.56177
   328.50000   960.01465
   329.50000  1082.67566
   330.50000  1064.09033
   331.50000   946.18848
   332.50000  1106.25671
   333.50000   983.82312
   334.50000  1029.87158
   335.50000   971.51190
   336.50000   783.16901
   337.50000   788.10309
   338.50000   930.66528
   339.50000   896.24097
   340.50000  1020.24579
   341.50000   823.25830
   342.50000   923.08606
   343.50000   946.05035
   344.50000   819.26514
   345.50000  1121.65063
   346.50000  1022.97595
   347.50000   986.52435
   348.50000  1111.57520
   349.50000  1036.64795
   350.50000  1145.35266
   351.50000  1045.57239
   352.50000  1103.53333
   353.50000  1012.86340
   354.50000  1120.11987
   355.50000  1150.01392
   356.50000  1117.74487
   357.50000   724.04736
   358.50000   793.57013
   359.50000   803.36572
   360.50000  1143.21057
   361.50000   907.97058
   362.50000  1006.90173
   363.50000  1067.13513
   364.50000  1086.74390
   365.50000  1033.20190
   366.50000  1383.07080
   367.50000  1225.26111
   368.50000  1207.83850
   369.50000  1197.72778
   370.50000  1270.20496
   371.50000  1096.19312
   372.50000  1193.93872
   373.50000  1190.64185
   374.50000   981.03033
   375.50000   882.05084
   376.50000  1217.83826
   377.50000  1217.92639
   378.50000  1511.83301
   379.50000  1196.15710
   380.50000  1111.19019
   381.50000  1300.03259
   382.50000  1011.81494
   383.50000   745.36603
   384.50000   760.77832
   385.50000  1085.19202
   386.50000   992.55219
   387.50000  1042.96008
   388.50000   997.44171
   389.50000  1126.62488
   390.50000  1340.98022
   391.50000  1427.76428
   392.50000  1291.23975
   393.50000   764.33734
   394.50000   796.23547
   395.50000  1298.61462
   396.50000  1315.48914
   397.50000   598.92096
   398.50000  1450.28418
   399.50000  1745.15906
   400.50000  1684.71545
   401.50000  1721.47461
   402.50000  1803.28772
   403.50000  1697.22852
   404.50000  1798.92151
   405.50000  1652.18433
   406.50000  1638.22864
   407.50000  1644.09009
   408.50000  1724.66638
   409.50000  1873.82153
   410.50000  1550.60535
   411.50000  1798.93848
   412.50000  1910.89551
   413.50000  1749.05200
   414.50000  1765.01904
   415.50000  1858.93286
   416.50000  1877.47131
   417.50000  1794.15320
   418.50000  1785.42969
   419.50000  1815.04553
   420.50000  1575.73669
   421.50000  1879.33496
   422.50000  1839.36157
   423.50000  1605.20251
   424.50000  1761.59583
   425.50000  1713.16077
   426.50000  1723.49890
   427.50000  1715.57458
   428.50000  1697.24658
   429.50000  1570.69214
   430.50000  1306.55261
   431.50000  1261.76270
   432.50000  1838.00684
   433.50000  1736.59937
   434.50000  1584.57922
   435.50000  1780.54065
   436.50000  1954.29016
   437.50000  1971.14685
   438.50000  1765.70044
   439.50000  1740.27820
   440.50000  1896.66211
   441.50000  1883.91809
   442.50000  1844.41077
   443.50000  1905.16455
   444.50000  1907.65076
   445.50000  2004.12891
   446.50000  1778.13330
   447.50000  2029.12524
   448.50000  2041.23022
   449.50000  2059.48486
   450.50000  2082.53174
   451.50000  2235.41870
   452.50000  2082.83984
   453.50000  1963.27771
   454.50000  2053.70947
   455.50000  2064.65723
   456.50000  2110.92212
   457.50000  2157.26123
   458.50000  2061.18677
   459.50000  2068.81128
   460.50000  2038.42761
   461.50000  2117.23413
   462.50000  2080.34497
   463.50000  2089.47754
   464.50000  2089.19629
   465.50000  2047.15320
   466.50000  2118.09326
   467.50000  2005.93542
   468.50000  2123.76929
   469.50000  2115.08569
   470.50000  1962.44897
   471.50000  2013.64941
   472.50000  2085.69434
   473.50000  2031.08386
   474.50000  2073.76855
   475.50000  2157.53931
   476.50000  2098.54272
   477.50000  2111.93604
   478.50000  2196.76904
   479.50000  2086.98242
   480.50000  2137.60645
   481.50000  2109.18335
   482.50000  2140.87451
   483.50000  2128.50122
   484.50000  2063.10522
   485.50000  2068.41064
   486.50000  1672.43750
   487.50000  1878.11438
   488.50000  2034.19666
   489.50000  1913.78064
   490.50000  2139.48193
   491.50000  2011.98071
   492.50000  1940.57239
   493.50000  2070.09473
   494.50000  1998.09521
   495.50000  2109.32813
   496.50000  2079.21509
   497.50000  2016.05005
   498.50000  1970.32446
   499.50000  1970.77820
   500.50000  1954.63232
   501.50000  1916.52002
   502.50000  1896.07947
   503.50000  1987.76892
   504.50000  1860.80237
   505.50000  1993.74646
   506.50000  2126.15942
   507.50000  1975.97839
   508.50000  1889.62939
   509.50000  1977.69421
   510.50000  1948.65894
   511.50000  1969.03137
   512.50000  2049.43213
   513.50000  1889.60913
   514.50000  1866.50366
   515.50000  1897.27539
   516.50000  1984.77686
   517.50000  1486.22400
   518.50000  1798.84729
   519.50000  1710.98865
   520.50000  1901.06775
   521.50000  1891.25049
   522.50000  1950.35693
   523.50000  1858.54431
   524.50000  1959.54932
   525.50000  1948.16895
   526.50000  1858.16882
   527.50000  1679.07373
   528.50000  1951.22668
   529.50000  2004.76721
   530.50000  1895.67200
   531.50000  2050.87817
   532.50000  1962.65918
   533.50000  1743.90552
   534.50000  1863.41113
   535.50000  1903.87439
   536.50000  2008.52563
   537.50000  1899.35315
   538.50000  1966.47180
   539.50000  1949.51453
   540.50000  1926.04993
   541.50000  1778.11865
   542.50000  1946.93750
   543.50000  1881.76404
   544.50000  1964.96655
   545.50000  1938.60986
   546.50000  1900.49341
   547.50000  1959.79590
   548.50000  1827.29614
   549.50000  1916.63831
   550.50000  1870.17224
   551.50000  1869.12585
   552.50000  1923.70447
   553.50000  1856.70691
   554.50000  1926.38123
   555.50000  1929.56885
   556.50000  1886.15894
   557.50000  1842.58960
   558.50000  1891.68555
   559.50000  1796.56616
   560.50000  1804.04358
   561.50000  1974.09863
   562.50000  1836.24548
   563.50000  1898.65479
   564.50000  1862.99182
   565.50000  1902.97607
   566.50000  1746.21484
   567.50000  1833.08252
   568.50000  1900.40295
   569.50000  1847.84766
   570.50000  1849.31250
   571.50000  1778.87036
   572.50000  1897.84729
   573.50000  1910.44116
   574.50000  1907.25818
   575.50000  1863.43555
   576.50000  1828.94836
   577.50000  1904.25952
   578.50000  1840.25061
   579.50000  1815.70386
   580.50000  1884.81946
   581.50000  1850.32043
   582.50000  1869.88611
   583.50000  1881.11584
   584.50000  1869.24707
   585.50000  1860.27026
   586.50000  1781.91199
   587.50000  1851.33936
   588.50000  1851.54663
   589.50000  1682.22290
   590.50000  1746.72681
   591.50000  1833.16077
   592.50000  1808.15137
   593.50000  1804.26770
   594.50000  1825.73975
   595.50000  1804.11206
   596.50000  1823.37598
   597.50000  1832.50195
   598.50000  1797.47473
   599.50000  1796.86841
   600.50000  1784.87573
   601.50000  1765.48560
   602.50000  1756.63489
   603.50000  1758.25122
   604.50000  1807.88770
   605.50000  1803.37891
   606.50000  1782.51636
   607.50000  1777.68848
   608.50000  1767.81226
   609.50000  1746.73010
   610.50000  1725.76355
   611.50000  1740.48254
   612.50000  1720.52014
   613.50000  1698.09729
   614.50000  1651.80811
   615.50000  1716.07129
   616.50000  1642.54590
   617.50000  1637.88586
   618.50000  1704.91223
   619.50000  1699.74182
   620.50000  1718.04126
   621.50000  1738.07288
   622.50000  1667.60242
   623.50000  1677.71716
   624.50000  1664.99280
   625.50000  1618.98645
   626.50000  1635.22937
   627.50000  1677.75781
   628.50000  1681.13318
   629.50000  1699.31079
   630.50000  1643.69336
   631.50000  1666.73853
   632.50000  1557.24536
   633.50000  1681.55298
   634.50000  1625.00757
   635.50000  1640.15393
   636.50000  1570.46802
   637.50000  1652.36768
   638.50000  1660.47083
   639.50000  1653.81348
   640.50000  1608.02966
   641.50000  1624.88367
   642.50000  1595.10547
   643.50000  1630.06274
   644.50000  1602.31787
   645.50000  1620.85217
   646.50000  1574.90015
   647.50000  1601.51550
   648.50000  1609.46973
   649.50000  1630.70215
   650.50000  1514.90039
   651.50000  1611.54846
   652.50000  1599.28906
   653.50000  1606.89319
   654.50000  1597.74683
   655.50000  1575.03662
   656.50000  1369.20288
   657.50000  1471.46655
   658.50000  1571.05676
   659.50000  1558.98389
   660.50000  1567.87305
   661.50000  1557.72864
   662.50000  1582.57019
   663.50000  1568.27527
   664.50000  1544.05664
   665.50000  1542.26025
   666.50000  1562.18579
   667.50000  1535.69897
   668.50000  1541.64697
   669.50000  1558.50305
   670.50000  1537.56714
   671.50000  1528.62061
   672.50000  1517.45068
   673.50000  1529.48462
   674.50000  1529.21045
   675.50000  1507.94873
   676.50000  1527.98669
   677.50000  1498.91846
   678.50000  1520.56885
   679.50000  1503.15100
   680.50000  1491.23352
   681.50000  1493.05005
   682.50000  1491.99976
   683.50000  1500.10852
   684.50000  1474.78088
   685.50000  1489.87512
   686.50000  1438.33484
   687.50000  1494.75598
   688.50000  1469.88110
   689.50000  1481.26733
   690.50000  1476.09045
   691.50000  1469.08484
   692.50000  1446.51001
   693.50000  1449.80017
   694.50000  1467.36853
   695.50000  1442.30127
   696.50000  1450.81714
   697.50000  1448.71045
   698.50000  1422.52844
   699.50000  1450.45007
