           1          87
  0.000000000000000E+000  0.000000000000000E+000
   2.00000000000000       3.557133019191540E-009
   4.00000000000000       6.356276284467148E-009
   6.00000000000000       2.692780048020452E-008
   8.00000000000000       9.536875801385103E-008
   10.0000000000000       2.689408270908665E-007
   12.0000000000000       8.780185017698972E-007
   14.0000000000000       2.135874101108987E-006
   16.0000000000000       5.317165201675591E-006
   18.0000000000000       1.203046234267642E-005
   20.0000000000000       2.490929703132467E-005
   22.0000000000000       5.442138957068193E-005
   24.0000000000000       1.147876020350275E-004
   26.0000000000000       2.174810337299588E-004
   28.0000000000000       4.047656116114961E-004
   30.0000000000000       7.336199848585002E-004
   32.0000000000000       1.421791130397363E-003
   34.0000000000000       2.412616393688752E-003
   36.0000000000000       3.942045056580021E-003
   38.0000000000000       6.232074280550818E-003
   40.0000000000000       9.444692537619377E-003
   42.0000000000000       1.383247729358800E-002
   44.0000000000000       1.968334599432126E-002
   45.0000000000000       2.683959906091443E-002
   46.0000000000000       2.817883446219003E-002
   47.0000000000000       3.777813080231283E-002
   48.0000000000000       4.130777970288290E-002
   48.5000000000000       5.475335268121148E-002
   48.8000000000000       6.049468848781870E-002
   48.9000000000000       6.243384300686956E-002
   49.0000000000000       6.538262494070866E-002
   49.5000000000000       7.550237094618240E-002
   50.0000000000000       9.049309862244960E-002
   51.0000000000000       0.143624810422849     
   52.0000000000000       0.169939101445261     
   53.0000000000000       0.227051984710545     
   54.0000000000000       0.242304523875794     
   55.0000000000000       0.304874173634412     
   56.0000000000000       0.288662496025556     
   56.5000000000000       0.341951325677070     
   57.0000000000000       0.320845643126020     
   57.1000000000000       0.309818837087788     
   57.5000000000000       0.290792952028303     
   58.0000000000000       0.254411406287450     
   59.0000000000000       0.269772460288511     
   60.0000000000000       0.169228175888996     
   60.5000000000000       0.142824779756425     
   61.0000000000000       0.131139563601637     
   62.0000000000000       0.110649716992457     
   64.0000000000000       0.106425441162564     
   65.0000000000000       0.101622214698400     
   66.0000000000000       7.022913573830700E-002
   66.5000000000000       7.829129574566027E-002
   68.0000000000000       4.866065853033699E-002
   68.5000000000000       2.833236252794325E-002
   70.0000000000000       1.513335026592951E-002
   72.0000000000000      -2.050359999378255E-003
   74.0000000000000       3.928703212412245E-003
   75.5000000000000       1.748904152107153E-004
   76.0000000000000       0.000000000000000E+000
   78.0000000000000       1.972968956576562E-004
   80.0000000000000       0.000000000000000E+000
   82.0000000000000       0.000000000000000E+000
   84.0000000000000       5.962173245819842E-005
   86.0000000000000      -9.332165757844742E-005
   88.0000000000000       0.000000000000000E+000
   90.0000000000000       2.448343335309915E-004
   92.0000000000000      -4.101371993611232E-004
   94.0000000000000       6.999098629470010E-004
   96.0000000000000       0.000000000000000E+000
   98.0000000000000       0.000000000000000E+000
   100.000000000000       0.000000000000000E+000
   102.000000000000       0.000000000000000E+000
   104.000000000000       0.000000000000000E+000
   106.000000000000       0.000000000000000E+000
   108.000000000000       0.000000000000000E+000
   110.000000000000       0.000000000000000E+000
   112.000000000000       0.000000000000000E+000
   116.000000000000       0.000000000000000E+000
   120.000000000000       0.000000000000000E+000
   124.000000000000       0.000000000000000E+000
   128.000000000000       0.000000000000000E+000
   132.000000000000       0.000000000000000E+000
   136.000000000000       0.000000000000000E+000
   140.000000000000       0.000000000000000E+000
   144.000000000000       0.000000000000000E+000
   148.000000000000       0.000000000000000E+000
