  2          66
    0.0    0.0000E+00       0.00000E+00
    2.0    0.0000E+00       0.00000E+00
    4.0    0.0000E+00       0.00000E+00
    6.0    0.0000E+00       0.00000E+00
    8.0    0.0000E+00       0.00000E+00
   10.0    0.0000E+00       0.00000E+00
   12.0    0.0000E+00       0.00000E+00
   14.0    0.0000E+00       0.00000E+00
   16.0    0.0000E+00       0.00000E+00
   18.0    0.0000E+00       0.00000E+00
   20.0    0.0000E+00       0.00000E+00
   22.0    0.0000E+00       0.00000E+00
   24.0    0.0000E+00       0.00000E+00
   26.0    0.0000E+00       0.00000E+00
   28.0    0.0000E+00       0.00000E+00
   30.0    0.0000E+00       0.00000E+00
   32.0    0.0000E+00       0.00000E+00
   34.0    0.0000E+00       0.00000E+00
   36.0    0.0000E+00       0.00000E+00
   38.0    0.0000E+00       0.00000E+00
   40.0    0.0000E+00       0.00000E+00
   42.0    0.0000E+00       0.00000E+00
   44.0    0.0000E+00       0.00000E+00
   46.0    0.0000E+00       0.00000E+00
   48.0    0.0000E+00       0.00000E+00
   50.0    0.0000E+00       0.00000E+00
   52.0    0.0000E+00       0.00000E+00
   54.0    0.0000E+00       0.00000E+00
   56.0    0.0000E+00       0.00000E+00
   58.0    0.0000E+00       0.00000E+00
   60.0    0.0000E+00       0.00000E+00
   62.0    0.0000E+00       0.00000E+00
   64.0    0.0000E+00       0.00000E+00
   66.0    0.0000E+00       0.00000E+00
   68.0    0.0000E+00       0.00000E+00
   70.0    0.0000E+00       0.00000E+00
   72.0    0.0000E+00       0.00000E+00
   74.0    0.0000E+00       0.00000E+00
   76.0    0.0000E+00       0.00000E+00
   78.0    0.0000E+00       0.00000E+00
   80.0    0.4471E-31       0.00000E+00
   82.0    0.5219E-21       0.00000E+00
   84.0    0.4144E-14       0.00000E+00
   86.0    0.1725E-09       0.87964E-30
   88.0    0.1652E-06       0.26639E-19
   90.0    0.1206E-04       0.12183E-12
   92.0    0.1714E-03       0.15981E-08
   94.0    0.9183E-03       0.48979E-06
   96.0    0.2744E-02       0.14937E-04
   98.0    0.5700E-02       0.11844E-03
  100.0    0.9324E-02       0.43188E-03
  102.0    0.1314E-01       0.10146E-02
  104.0    0.1703E-01       0.18699E-02
  106.0    0.2078E-01       0.29024E-02
  108.0    0.2435E-01       0.39806E-02
  110.0    0.2808E-01       0.50205E-02
  112.0    0.3200E-01       0.59763E-02
  116.0    0.3883E-01       0.81627E-02
  120.0    0.4185E-01       0.10076E-01
  124.0    0.4273E-01       0.10854E-01
  128.0    0.4294E-01       0.11055E-01
  132.0    0.4299E-01       0.11108E-01
  136.0    0.4301E-01       0.11124E-01
  140.0    0.4301E-01       0.11129E-01
  144.0    0.4301E-01       0.11132E-01
  148.0    0.4301E-01       0.11133E-01
