  *** Haus2015 (21.08.2017) ***
   5    66 
CO2
H2O
OCS
HCL
SO2
   0.00   0.90918E+02   733.00   0.86937E+26   0.29279E+22   0.13513E+22   0.45045E+20   0.13513E+23
   2.00   0.80059E+02   717.00   0.78512E+26   0.26442E+22   0.12204E+22   0.40680E+20   0.12204E+23
   4.00   0.70286E+02   701.00   0.70754E+26   0.23829E+22   0.10998E+22   0.36660E+20   0.10998E+23
   6.00   0.61599E+02   685.00   0.63661E+26   0.21440E+22   0.98955E+21   0.32985E+20   0.98955E+22
   8.00   0.53702E+02   669.00   0.56838E+26   0.19142E+22   0.88350E+21   0.29450E+20   0.88350E+22
  10.00   0.46693E+02   653.00   0.50692E+26   0.17072E+22   0.78795E+21   0.26265E+20   0.78795E+22
  12.00   0.40474E+02   637.00   0.45210E+26   0.15226E+22   0.70275E+21   0.23425E+20   0.70275E+22
  14.00   0.34946E+02   623.00   0.39854E+26   0.13423E+22   0.61950E+21   0.20650E+20   0.61950E+22
  16.00   0.30109E+02   609.00   0.35174E+26   0.11846E+22   0.54675E+21   0.18225E+20   0.54675E+22
  18.00   0.25864E+02   595.00   0.31025E+26   0.10449E+22   0.48225E+21   0.16075E+20   0.48225E+22
  20.00   0.22112E+02   579.00   0.27281E+26   0.91877E+21   0.42405E+21   0.14135E+20   0.42405E+22
  22.00   0.18756E+02   562.00   0.23807E+26   0.80177E+21   0.37005E+21   0.12335E+20   0.37005E+22
  24.00   0.15893E+02   545.00   0.20728E+26   0.69810E+21   0.32220E+21   0.10740E+20   0.32220E+22
  26.00   0.13425E+02   529.00   0.18026E+26   0.60710E+21   0.24844E+21   0.93400E+19   0.28020E+22
  28.00   0.11254E+02   512.00   0.15604E+26   0.52553E+21   0.16008E+21   0.80850E+19   0.24255E+22
  30.00   0.93287E+01   495.00   0.13442E+26   0.45272E+21   0.90545E+20   0.69650E+19   0.20895E+22
  32.00   0.77196E+01   478.00   0.11512E+26   0.38772E+21   0.63229E+20   0.59650E+19   0.17895E+22
  34.00   0.63475E+01   461.00   0.98140E+25   0.33053E+21   0.41697E+20   0.50850E+19   0.15255E+22
  36.00   0.51826E+01   446.00   0.82787E+25   0.27882E+21   0.24879E+20   0.42895E+19   0.12868E+22
  38.00   0.41955E+01   430.00   0.69547E+25   0.23423E+21   0.12252E+20   0.36035E+19   0.10810E+22
  40.00   0.33761E+01   416.00   0.57774E+25   0.19458E+21   0.29935E+19   0.29935E+19   0.89805E+21
  42.00   0.26950E+01   403.00   0.47613E+25   0.16035E+21   0.21216E+19   0.24670E+19   0.74010E+21
  44.00   0.21421E+01   391.00   0.38918E+25   0.13107E+21   0.14519E+19   0.20165E+19   0.60495E+21
  46.00   0.16881E+01   379.00   0.31700E+25   0.10676E+21   0.95265E+18   0.16425E+19   0.49275E+21
  48.00   0.13228E+01   366.00   0.25544E+25   0.86027E+20   0.58234E+18   0.13235E+19   0.39705E+21
  50.00   0.10168E+01   349.00   0.20767E+25   0.69940E+20   0.32280E+18   0.10760E+19   0.32280E+21
  52.00   0.78085E+00   332.00   0.16694E+25   0.47229E+20   0.22490E+18   0.86500E+18   0.21366E+21
  54.00   0.58736E+00   312.00   0.13365E+25   0.30608E+20   0.15235E+18   0.69250E+18   0.13434E+21
  56.00   0.43435E+00   291.00   0.10596E+25   0.18556E+20   0.98820E+17   0.54900E+18   0.77409E+20
  58.00   0.31392E+00   274.00   0.81320E+24   0.98596E+19   0.58989E+17   0.42135E+18   0.37079E+20
  60.00   0.22409E+00   263.00   0.60322E+24   0.40632E+19   0.31255E+17   0.31255E+18   0.10939E+20
  62.00   0.15696E+00   252.00   0.44139E+24   0.26529E+19   0.22870E+17   0.22870E+18   0.64082E+19
  64.00   0.10859E+00   244.00   0.31565E+24   0.16682E+19   0.16355E+17   0.16355E+18   0.34411E+19
  66.00   0.75025E-01   236.00   0.22465E+24   0.10243E+19   0.11640E+17   0.11640E+18   0.16366E+19
  68.00   0.51135E-01   237.00   0.15247E+24   0.58460E+18   0.79000E+16   0.79000E+17   0.55932E+18
  70.00   0.34748E-01   233.00   0.10557E+24   0.32820E+18   0.54700E+16   0.54700E+17   0.54700E+16
  72.00   0.23495E-01   228.00   0.72896E+23   0.22662E+18   0.37770E+16   0.37770E+17   0.30971E+16
  74.00   0.15696E-01   223.00   0.49890E+23   0.15510E+18   0.25850E+16   0.25850E+17   0.16544E+16
  76.00   0.10365E-01   217.00   0.33968E+23   0.10560E+18   0.17600E+16   0.17600E+17   0.80960E+15
  78.00   0.68213E-02   211.00   0.22870E+23   0.71100E+17   0.11850E+16   0.11850E+17   0.33180E+15
  80.00   0.44126E-02   203.00   0.15382E+23   0.47820E+17   0.79700E+15   0.79700E+16   0.79700E+14
  82.00   0.28036E-02   194.00   0.10229E+23   0.31800E+17   0.53000E+15   0.53000E+16   0.53000E+14
  84.00   0.17374E-02   184.00   0.66875E+22   0.20790E+17   0.34650E+15   0.34650E+16   0.34650E+14
  86.00   0.10563E-02   176.00   0.42402E+22   0.13182E+17   0.21970E+15   0.21970E+16   0.21970E+14
  88.00   0.62882E-03   171.00   0.26084E+22   0.81090E+16   0.13515E+15   0.13515E+16   0.13515E+14
  90.00   0.36920E-03   167.00   0.15652E+22   0.48660E+16   0.81100E+14   0.81100E+15   0.81100E+13
  92.00   0.21422E-03   164.00   0.92283E+21   0.28689E+16   0.47815E+14   0.47815E+15   0.47815E+13
  94.00   0.12340E-03   162.00   0.53770E+21   0.16716E+16   0.27860E+14   0.27860E+15   0.27860E+13
  96.00   0.70977E-04   162.00   0.30899E+21   0.96060E+15   0.16010E+14   0.16010E+15   0.16010E+13
  98.00   0.40967E-04   163.00   0.17660E+21   0.54900E+15   0.91500E+13   0.91500E+14   0.91500E+12
 100.00   0.23889E-04   170.00   0.99009E+20   0.30780E+15   0.51300E+13   0.51300E+14   0.51300E+12
 102.00   0.14146E-04   165.00   0.60698E+20   0.18870E+15   0.31450E+13   0.31450E+14   0.31450E+12
 104.00   0.83712E-05   160.00   0.37046E+20   0.11517E+15   0.19195E+13   0.19195E+14   0.19195E+12
 106.00   0.47236E-05   155.00   0.21577E+20   0.67080E+14   0.11180E+13   0.11180E+14   0.11180E+12
 108.00   0.26653E-05   150.00   0.12584E+20   0.39120E+14   0.65200E+12   0.65200E+13   0.65200E+11
 110.00   0.14462E-05   145.00   0.70619E+19   0.21954E+14   0.36590E+12   0.36590E+13   0.36590E+11
 112.00   0.78480E-06   140.00   0.39690E+19   0.12339E+14   0.20565E+12   0.20565E+13   0.20565E+11
 116.00   0.21224E-06   129.00   0.11648E+19   0.36210E+13   0.60350E+11   0.60350E+12   0.60350E+10
 120.00   0.51037E-07   117.00   0.30880E+18   0.96000E+12   0.16000E+11   0.16000E+12   0.16000E+10
 124.00   0.12142E-07   125.00   0.68776E+17   0.21381E+12   0.35635E+10   0.35635E+11   0.35635E+09
 128.00   0.32576E-08   135.00   0.17080E+17   0.53100E+11   0.88500E+09   0.88500E+10   0.88500E+08
 132.00   0.97828E-09   142.00   0.48781E+16   0.15165E+11   0.25275E+09   0.25275E+10   0.25275E+08
 136.00   0.32576E-09   146.00   0.15797E+16   0.49110E+10   0.81850E+08   0.81850E+09   0.81850E+07
 140.00   0.12438E-09   147.00   0.59907E+15   0.18624E+10   0.31040E+08   0.31040E+09   0.31040E+07
 144.00   0.55775E-10   140.00   0.28207E+15   0.87690E+09   0.14615E+08   0.14615E+09   0.14615E+07
 148.00   0.27937E-10   134.00   0.14765E+15   0.45900E+09   0.76500E+07   0.76500E+08   0.76500E+06
