  0.1110000       90090.09      1.4102000E-02  1.4102000E-02 -6.5848000E-12
  0.1250000       80000.00      1.4158000E-02  1.4158000E-02  5.7239998E-12
  0.1430000       69930.07      1.4236000E-02  1.4236000E-02 -2.0754000E-12
  0.2000000       50000.00      1.4438000E-02  1.4438000E-02 -1.6128000E-11
  0.2500000       40000.00      1.4601000E-02  1.4601000E-02  3.9149998E-12
  0.3330000       30030.03      1.4866000E-02  1.4866000E-02  1.6802001E-11
  0.3600000       27777.78      1.4952000E-02  1.4952000E-02 -3.0090999E-12
  0.4450000       22471.91      1.5189000E-02  1.5189000E-02 -1.3876000E-11
  0.4490000       22271.71      1.5201000E-02  1.5201000E-02 -2.0067000E-11
  0.5560000       17985.61      1.5457000E-02  1.5457000E-02  1.6174000E-11
  0.7020000       14245.01      1.6185001E-02  1.6185001E-02  9.9786996E-09
  0.7140000       14005.60      1.6269000E-02  1.6269000E-02  1.3527000E-08
  0.7250000       13793.10      1.6235000E-02  1.6235000E-02  1.6848000E-08
  0.7350000       13605.44      1.6254000E-02  1.6254000E-02  2.2477000E-08
  0.7460000       13404.83      1.6284000E-02  1.6284000E-02  3.1763001E-08
  0.7580000       13192.61      1.6229000E-02  1.6229000E-02  3.5127002E-08
  0.7690000       13003.90      1.6247001E-02  1.6247001E-02  3.6978999E-08
  0.7810000       12804.10      1.6186001E-02  1.6186001E-02  3.6610000E-08
  0.7940000       12594.46      1.6156999E-02  1.6156999E-02  3.6658001E-08
  0.8060000       12406.95      1.6101001E-02  1.6101001E-02  3.7178999E-08
  0.8200000       12195.12      1.6040999E-02  1.6040999E-02  4.1574999E-08
  0.8330000       12004.80      1.5958000E-02  1.5958000E-02  5.0890002E-08
  0.8470000       11806.38      1.5891001E-02  1.5891001E-02  6.3945002E-08
  0.8620000       11600.93      1.5782000E-02  1.5782000E-02  7.2528998E-08
  0.8770000       11402.51      1.5701000E-02  1.5701000E-02  7.8684003E-08
  0.8930000       11198.21      1.5609000E-02  1.5609000E-02  8.8965002E-08
  0.9090000       11001.10      1.5504000E-02  1.5504000E-02  1.0602000E-07
  0.9260000       10799.14      1.5422000E-02  1.5422000E-02  1.3251000E-07
  0.9430000       10604.45      1.5342000E-02  1.5342000E-02  2.1696000E-07
  0.9620000       10395.01      1.5284000E-02  1.5285000E-02  3.6182999E-07
  0.9800000       10204.08      1.5243000E-02  1.5243000E-02  4.8499999E-07
   1.000000       10000.00      1.5232000E-02  1.5232000E-02  5.1531998E-07
   1.020000       9803.922      1.5252000E-02  1.5252000E-02  5.0123998E-07
   1.042000       9596.929      1.5308000E-02  1.5309000E-02  4.7704998E-07
   1.064000       9398.496      1.5410000E-02  1.5410000E-02  4.7225001E-07
   1.087000       9199.632      1.5563000E-02  1.5564000E-02  4.9175998E-07
   1.111000       9000.900      1.5773000E-02  1.5773000E-02  5.5198001E-07
   1.136000       8802.816      1.6039999E-02  1.6040999E-02  7.1995998E-07
   1.163000       8598.452      1.6378000E-02  1.6379001E-02  1.1541000E-06
   1.190000       8403.361      1.6728999E-02  1.6729999E-02  1.3768000E-06
   1.220000       8196.721      1.7193001E-02  1.7194999E-02  1.5229000E-06
   1.250000       8000.000      1.7738000E-02  1.7739000E-02  1.8243001E-06
   1.266000       7898.894      1.7995000E-02  1.7997000E-02  2.0097000E-06
   1.282000       7800.312      1.8301999E-02  1.8305000E-02  2.2818999E-06
   1.299000       7698.229      1.8632000E-02  1.8634999E-02  2.6420000E-06
   1.316000       7598.784      1.8918000E-02  1.8921001E-02  3.1512000E-06
   1.333000       7501.876      1.9252000E-02  1.9255999E-02  3.8858998E-06
   1.351000       7401.925      1.9555001E-02  1.9560000E-02  4.7699000E-06
   1.370000       7299.270      1.9920999E-02  1.9927001E-02  6.1378000E-06
   1.389000       7199.424      2.0280000E-02  2.0289000E-02  9.0680996E-06
   1.408000       7102.273      2.0631000E-02  2.0645000E-02  1.4128000E-05
   1.429000       6997.900      2.1005001E-02  2.1024000E-02  1.9786001E-05
   1.449000       6901.311      2.1307999E-02  2.1330999E-02  2.2642000E-05
   1.471000       6798.097      2.1677000E-02  2.1701001E-02  2.3991000E-05
   1.493000       6697.923      2.2028999E-02  2.2054000E-02  2.5076000E-05
   1.515000       6600.660      2.2361999E-02  2.2389000E-02  2.6334001E-05
   1.538000       6501.951      2.2648999E-02  2.2678001E-02  2.8598000E-05
   1.562000       6402.048      2.2964001E-02  2.2995999E-02  3.1538999E-05
   1.587000       6301.197      2.3295000E-02  2.3329999E-02  3.5098001E-05
   1.613000       6199.628      2.3571000E-02  2.3610000E-02  3.9514998E-05
   1.639000       6101.281      2.3815000E-02  2.3860000E-02  4.4910001E-05
   1.667000       5998.800      2.4019999E-02  2.4072001E-02  5.1228999E-05
   1.695000       5899.705      2.4215000E-02  2.4273001E-02  5.7973000E-05
   1.724000       5800.464      2.4378000E-02  2.4444001E-02  6.5310000E-05
   1.754000       5701.254      2.4514001E-02  2.4589000E-02  7.5026001E-05
   1.786000       5599.104      2.4606001E-02  2.4690000E-02  8.4150000E-05
   1.818000       5500.550      2.4661999E-02  2.4753001E-02  9.1025999E-05
   1.852000       5399.568      2.4680000E-02  2.4777999E-02  9.8646000E-05
   1.887000       5299.417      2.4612000E-02  2.4741000E-02  1.2868999E-04
   1.923000       5200.208      2.4488000E-02  2.4662999E-02  1.7499000E-04
   1.961000       5099.439      2.4342000E-02  2.4532000E-02  1.9060999E-04
   2.000000       5000.000      2.4170000E-02  2.4359001E-02  1.8901999E-04
   2.041000       4899.559      2.3939000E-02  2.4130000E-02  1.9016000E-04
   2.083000       4800.768      2.3658000E-02  2.3851000E-02  1.9252000E-04
   2.128000       4699.248      2.3272000E-02  2.3469999E-02  1.9825999E-04
   2.174000       4599.816      2.2826999E-02  2.3034001E-02  2.0753000E-04
   2.222000       4500.450      2.2271000E-02  2.2490000E-02  2.1830000E-04
   2.273000       4399.472      2.1694999E-02  2.1931000E-02  2.3582000E-04
   2.326000       4299.226      2.0949000E-02  2.1205001E-02  2.5616999E-04
   2.381000       4199.916      2.0200999E-02  2.0486999E-02  2.8564999E-04
   2.439000       4100.041      1.9246001E-02  1.9585000E-02  3.3871000E-04
   2.500000       4000.000      1.8088000E-02  1.8499000E-02  4.1064000E-04
   2.564000       3900.156      1.6692000E-02  1.7109999E-02  4.1764000E-04
   2.632000       3799.392      1.5179000E-02  1.5675001E-02  4.9617002E-04
   2.688000       3720.238      1.3845000E-02  1.4368000E-02  5.2354002E-04
   2.725000       3669.725      1.2477000E-02  1.3027000E-02  5.5027002E-04
   2.762000       3620.565      1.0382000E-02  1.1947000E-02  1.5653000E-03
   2.770000       3610.108      9.9750003E-03  1.1818000E-02  1.8434000E-03
   2.833000       3529.827      8.0776000E-03  1.1572000E-02  3.4948001E-03
   2.841000       3519.887      7.9552997E-03  1.1642000E-02  3.6869999E-03
   2.882000       3469.813      7.4693002E-03  1.1879000E-02  4.4101998E-03
   2.915000       3430.532      7.4171000E-03  1.2171000E-02  4.7535999E-03
   2.941000       3400.204      7.3948000E-03  1.2283000E-02  4.8884000E-03
   2.985000       3350.084      7.2491001E-03  1.2349000E-02  5.1000002E-03
   3.021000       3310.162      7.0871999E-03  1.2352000E-02  5.2649998E-03
   3.077000       3249.919      6.8092998E-03  1.2326000E-02  5.5169999E-03
   3.175000       3149.606      6.5426002E-03  1.2590000E-02  6.0470002E-03
   3.279000       3049.710      6.6126999E-03  1.3077000E-02  6.4645000E-03
   3.344000       2990.430      6.7981998E-03  1.3460000E-02  6.6618002E-03
   3.413000       2929.974      7.0731002E-03  1.3742000E-02  6.6686999E-03
   3.472000       2880.184      7.2603999E-03  1.3972000E-02  6.7113000E-03
   3.559000       2809.778      7.6624001E-03  1.4203000E-02  6.5410002E-03
   3.623000       2760.144      7.8397002E-03  1.4119000E-02  6.2789000E-03
   3.690000       2710.027      7.8795003E-03  1.3935000E-02  6.0556000E-03
   3.759000       2660.282      7.7785002E-03  1.3608000E-02  5.8291000E-03
   3.817000       2619.859      7.6613999E-03  1.3380000E-02  5.7184999E-03
   3.846000       2600.104      7.5731999E-03  1.3232000E-02  5.6587001E-03
   3.861000       2590.002      7.5337999E-03  1.3178000E-02  5.6437999E-03
   3.906000       2560.164      7.4164998E-03  1.3016000E-02  5.5991998E-03
   3.953000       2529.724      7.3245000E-03  1.2882000E-02  5.5574002E-03
   4.000000       2500.000      7.2784000E-03  1.2772000E-02  5.4937000E-03
   4.082000       2449.780      7.1590999E-03  1.2529000E-02  5.3698001E-03
   4.149000       2410.219      7.0075998E-03  1.2229000E-02  5.2209999E-03
   4.219000       2370.230      7.0652999E-03  1.2134000E-02  5.0690998E-03
   4.274000       2339.729      6.8035000E-03  1.1591000E-02  4.7872998E-03
   4.292000       2329.916      6.7154001E-03  1.1450000E-02  4.7344002E-03
   4.367000       2289.901      6.2223999E-03  1.0973000E-02  4.7502001E-03
   4.464000       2240.143      5.8762999E-03  1.0702000E-02  4.8260000E-03
   4.587000       2180.074      5.6416998E-03  1.0425000E-02  4.7829999E-03
   4.717000       2119.991      5.3615002E-03  9.9219996E-03  4.5606000E-03
   4.808000       2079.867      5.0694002E-03  9.5125996E-03  4.4431998E-03
   4.950000       2020.202      4.4988999E-03  8.8416999E-03  4.3428000E-03
   5.102000       1960.016      3.9356998E-03  8.3772000E-03  4.4415998E-03
   5.181000       1930.129      3.6853000E-03  8.2190996E-03  4.5337002E-03
   5.263000       1900.057      3.4671000E-03  8.1340997E-03  4.6669999E-03
   5.319000       1880.053      3.3366999E-03  8.1099998E-03  4.7733001E-03
   5.376000       1860.119      3.2138999E-03  8.1305001E-03  4.9164998E-03
   5.435000       1839.926      3.1452000E-03  8.2462998E-03  5.1011001E-03
   5.495000       1819.836      3.0980001E-03  8.3763003E-03  5.2783000E-03
   5.556000       1799.856      3.0980001E-03  8.5717998E-03  5.4738000E-03
   5.618000       1779.993      3.1667999E-03  8.8414000E-03  5.6746001E-03
   5.650000       1769.911      3.2170000E-03  8.9402003E-03  5.7232999E-03
   5.682000       1759.944      3.2532001E-03  9.0212999E-03  5.7680998E-03
   5.747000       1740.038      3.3247001E-03  9.2139998E-03  5.8892998E-03
   5.814000       1719.986      3.5353000E-03  9.5255999E-03  5.9902999E-03
   5.882000       1700.102      3.7048999E-03  9.5322998E-03  5.8272998E-03
   5.952000       1680.108      3.7722001E-03  9.3667004E-03  5.5944999E-03
   6.024000       1660.026      3.8010001E-03  9.1420002E-03  5.3409999E-03
   6.061000       1649.893      3.8105999E-03  8.9998003E-03  5.1890998E-03
   6.098000       1639.882      3.8260000E-03  8.8202003E-03  4.9943002E-03
   6.135000       1629.992      3.8183001E-03  8.5650999E-03  4.7467998E-03
   6.173000       1619.958      3.7068999E-03  8.1561003E-03  4.4491999E-03
   6.211000       1610.047      3.5872001E-03  7.8194002E-03  4.2321999E-03
   6.250000       1600.000      3.4177001E-03  7.4668000E-03  4.0491000E-03
   6.329000       1580.028      3.1379999E-03  6.9212001E-03  3.7831999E-03
   6.410000       1560.062      2.8504001E-03  6.4363000E-03  3.5858001E-03
   6.494000       1539.883      2.5611001E-03  6.0192002E-03  3.4580999E-03
   6.536000       1529.988      2.4369000E-03  5.8350000E-03  3.3980999E-03
   6.579000       1519.988      2.2805000E-03  5.6134001E-03  3.3329001E-03
   6.623000       1509.890      2.1188001E-03  5.4303999E-03  3.3116001E-03
   6.667000       1499.925      1.9884000E-03  5.3491001E-03  3.3607001E-03
   6.711000       1490.091      1.8768000E-03  5.2872002E-03  3.4103999E-03
   6.803000       1469.940      1.6801000E-03  5.1654000E-03  3.4853001E-03
   6.897000       1449.906      1.5380000E-03  5.0809998E-03  3.5430000E-03
   6.993000       1430.001      1.2900000E-03  4.7463002E-03  3.4562999E-03
   7.092000       1410.039      1.1183000E-03  4.7832001E-03  3.6649001E-03
   7.194000       1390.047      9.5891999E-04  4.8109000E-03  3.8520000E-03
   7.299000       1370.051      8.4484997E-04  4.9846000E-03  4.1398001E-03
   7.353000       1359.989      8.0491998E-04  5.1539000E-03  4.3489002E-03
   7.463000       1339.944      8.6416001E-04  5.8912002E-03  5.0269999E-03
   7.576000       1319.958      1.0685000E-03  6.8648001E-03  5.7962998E-03
   7.634000       1309.929      1.1852999E-03  7.3167002E-03  6.1313999E-03
   7.752000       1289.990      1.3817000E-03  8.0265999E-03  6.6450001E-03
   7.874000       1270.003      1.5734000E-03  8.7034004E-03  7.1300999E-03
   8.000000       1250.000      1.8811000E-03  9.6685002E-03  7.7873999E-03
   8.065000       1239.926      2.0522000E-03  1.0156000E-02  8.1040999E-03
   8.130000       1230.012      2.3067000E-03  1.0829000E-02  8.5225003E-03
   8.264000       1210.068      2.7639000E-03  1.1894000E-02  9.1297003E-03
   8.403000       1190.051      3.2019999E-03  1.2765000E-02  9.5629999E-03
   8.547000       1170.001      3.6368000E-03  1.3459000E-02  9.8225996E-03
   8.621000       1159.958      3.8129999E-03  1.3644000E-02  9.8310001E-03
   8.696000       1149.954      3.9985999E-03  1.3779000E-02  9.7804004E-03
   8.850000       1129.943      4.0548998E-03  1.3320000E-02  9.2652999E-03
   8.929000       1119.946      3.9625000E-03  1.2864000E-02  8.9015998E-03
   9.009000       1110.001      3.7875001E-03  1.2304000E-02  8.5169999E-03
   9.091000       1099.989      3.5508000E-03  1.1723000E-02  8.1725996E-03
   9.174000       1090.037      3.2822001E-03  1.1241000E-02  7.9592001E-03
   9.259000       1080.030      3.0892000E-03  1.1155000E-02  8.0656996E-03
   9.346000       1069.976      3.1878999E-03  1.1650000E-02  8.4619001E-03
   9.434000       1059.996      3.4721000E-03  1.2337000E-02  8.8651003E-03
   9.524000       1049.979      3.8999000E-03  1.3036000E-02  9.1361003E-03
   9.615000       1040.042      4.3190001E-03  1.3401000E-02  9.0824999E-03
   9.709000       1029.972      4.6099001E-03  1.3193000E-02  8.5829003E-03
   9.804000       1019.992      4.6068998E-03  1.2387000E-02  7.7803000E-03
   9.901000       1009.999      4.4741998E-03  1.1412000E-02  6.9379001E-03
   10.10100       990.0010      3.8087999E-03  9.2569003E-03  5.4480000E-03
   10.20400       980.0078      3.4843001E-03  8.4905997E-03  5.0063999E-03
   10.30900       970.0262      3.2094000E-03  7.8795003E-03  4.6700998E-03
   10.38400       963.0200      3.0475999E-03  7.5293002E-03  4.4816998E-03
   10.41700       959.9693      2.9014000E-03  7.2841002E-03  4.3827002E-03
   10.52600       950.0285      2.6242000E-03  6.8457001E-03  4.2214999E-03
   10.63800       940.0264      2.3308999E-03  6.5243002E-03  4.1934000E-03
   10.75300       929.9730      2.0812999E-03  6.5281000E-03  4.4467999E-03
   10.87000       919.9632      2.0026001E-03  6.9808001E-03  4.9782000E-03
   10.98900       910.0009      2.0791001E-03  7.6486999E-03  5.5696000E-03
   11.11100       900.0090      2.3556000E-03  8.3959997E-03  6.0403999E-03
   11.23600       889.9965      2.7143001E-03  8.6808000E-03  5.9663998E-03
   11.36400       879.9718      2.8266001E-03  7.9360995E-03  5.1095001E-03
   11.44200       873.9730      2.7767001E-03  7.3592002E-03  4.5825001E-03
   11.49400       870.0191      2.7522000E-03  6.9953999E-03  4.2432002E-03
   11.76500       849.9787      2.3288999E-03  5.2846000E-03  2.9557999E-03
   11.90500       839.9832      2.1285999E-03  4.7562998E-03  2.6277001E-03
   12.19500       820.0082      1.7689000E-03  3.9821998E-03  2.2133000E-03
   12.50000       800.0000      1.4842000E-03  3.4988001E-03  2.0147001E-03
   12.65800       790.0142      1.3669000E-03  3.3344000E-03  1.9675000E-03
   12.82100       779.9703      1.2598000E-03  3.1932001E-03  1.9334001E-03
   13.15800       759.9939      1.0800000E-03  2.9817999E-03  1.9018000E-03
   13.51400       739.9734      9.3365001E-04  2.8254001E-03  1.8917000E-03
   13.88900       719.9943      8.0856000E-04  2.6996001E-03  1.8911000E-03
   14.28600       699.9860      6.9254998E-04  2.5414999E-03  1.8490000E-03
   14.70600       679.9946      5.7701999E-04  2.4699001E-03  1.8929000E-03
   14.92500       670.0167      5.2398001E-04  2.4681001E-03  1.9442000E-03
   15.38500       649.9838      4.2311999E-04  2.6048000E-03  2.1817000E-03
   15.87300       630.0006      3.7431999E-04  3.2124000E-03  2.8381001E-03
   16.12900       620.0012      3.8471000E-04  3.6350000E-03  3.2503000E-03
   16.66700       599.9880      4.5276000E-04  4.5816000E-03  4.1287998E-03
   16.94900       590.0053      5.5385003E-04  5.1044002E-03  4.5504998E-03
   17.24100       580.0128      6.3441001E-04  5.0602001E-03  4.4257999E-03
   17.54400       569.9954      6.6566002E-04  4.4987001E-03  3.8331000E-03
   17.85700       560.0045      6.2622997E-04  3.6652000E-03  3.0390001E-03
   18.18200       549.9945      5.5328000E-04  2.9267999E-03  2.3735000E-03
   18.51900       539.9860      4.8240999E-04  2.4270001E-03  1.9446000E-03
   18.86800       529.9979      4.1636999E-04  2.1051001E-03  1.6888001E-03
   19.60800       509.9959      3.2421999E-04  1.8257000E-03  1.5014000E-03
   20.00000       500.0000      2.8911000E-04  1.7473000E-03  1.4582000E-03
   20.40800       490.0039      2.5836000E-04  1.7221000E-03  1.4638000E-03
   20.83300       480.0077      2.3100000E-04  1.7726000E-03  1.5416000E-03
   21.27700       469.9911      2.1717000E-04  1.9054000E-03  1.6882000E-03
   22.22200       450.0045      2.1016000E-04  1.9448000E-03  1.7346001E-03
   22.72700       440.0053      2.0056999E-04  1.8082000E-03  1.6077000E-03
   23.25600       429.9966      1.9050000E-04  1.6228000E-03  1.4323000E-03
   24.39000       410.0041      1.5572000E-04  1.1621000E-03  1.0064000E-03
   25.00000       400.0000      1.3737001E-04  1.0063000E-03  8.6894998E-04
   50.00000       200.0000      8.2224997E-06  3.9422000E-04  3.8600000E-04
   100.0000       100.0000      5.0672998E-07  1.8742000E-04  1.8692001E-04
   500.0000       20.00000      7.7945000E-10  3.5821002E-05  3.5820001E-05
   1000.000       10.00000      4.1274002E-11  2.0861000E-05  2.0861000E-05
