  0.1110000       90090.09      9.7060002E-02  9.7060002E-02 -2.2886000E-11
  0.1250000       80000.00      9.7266003E-02  9.7266003E-02  3.3309001E-11
  0.1430000       69930.07      9.7522996E-02  9.7522996E-02 -4.0528001E-11
  0.2000000       50000.00      9.8249003E-02  9.8249003E-02 -2.9606001E-12
  0.2500000       40000.00      9.8865002E-02  9.8865002E-02 -1.7589000E-11
  0.3330000       30030.03      9.9757999E-02  9.9757999E-02 -2.7491000E-12
  0.3600000       27777.78      0.1000200      0.1000200      4.5242000E-12
  0.4450000       22471.91      0.1009600      0.1009600      7.0638002E-11
  0.4490000       22271.71      0.1009700      0.1009700     -1.1340000E-10
  0.5560000       17985.61      0.1020200      0.1020200     -4.1756001E-11
  0.7020000       14245.01      0.1031800      0.1031800      1.6656000E-07
  0.7140000       14005.60      0.1033600      0.1033600      2.2233000E-07
  0.7250000       13793.10      0.1034900      0.1034900      2.8401999E-07
  0.7350000       13605.44      0.1035800      0.1035800      3.8937000E-07
  0.7460000       13404.83      0.1035100      0.1035100      6.6598000E-07
  0.7580000       13192.61      0.1036100      0.1036100      5.9302999E-07
  0.7690000       13003.90      0.1038200      0.1038200      7.4364999E-07
  0.7810000       12804.10      0.1038500      0.1038500      6.4186003E-07
  0.7940000       12594.46      0.1039600      0.1039600      6.7539003E-07
  0.8060000       12406.95      0.1041200      0.1041200      7.1105001E-07
  0.8200000       12195.12      0.1041100      0.1041200      7.0531001E-07
  0.8330000       12004.80      0.1044000      0.1044000      1.0307000E-06
  0.8470000       11806.38      0.1043600      0.1043600      1.0799999E-06
  0.8620000       11600.93      0.1045700      0.1045700      1.2746000E-06
  0.8770000       11402.51      0.1047700      0.1047700      1.5277000E-06
  0.8930000       11198.21      0.1048200      0.1048200      1.6077000E-06
  0.9090000       11001.10      0.1050000      0.1050000      1.9596000E-06
  0.9260000       10799.14      0.1052600      0.1052600      3.3102001E-06
  0.9430000       10604.45      0.1051300      0.1051300      3.7875000E-06
  0.9620000       10395.01      0.1054900      0.1055000      6.7522001E-06
  0.9800000       10204.08      0.1053700      0.1053700      8.7032004E-06
   1.000000       10000.00      0.1056500      0.1056600      1.0019000E-05
   1.020000       9803.922      0.1058200      0.1058300      9.0560998E-06
   1.042000       9596.929      0.1060500      0.1060600      9.9767003E-06
   1.064000       9398.496      0.1060300      0.1060400      8.3759996E-06
   1.087000       9199.632      0.1061400      0.1061500      8.6471000E-06
   1.111000       9000.900      0.1066800      0.1066900      1.1180000E-05
   1.136000       8802.816      0.1066200      0.1066300      1.3322000E-05
   1.163000       8598.452      0.1068400      0.1068600      2.1491000E-05
   1.190000       8403.361      0.1070800      0.1071100      2.6137001E-05
   1.220000       8196.721      0.1072900      0.1073300      3.1128999E-05
   1.250000       8000.000      0.1072700      0.1073100      3.4395998E-05
   1.266000       7898.894      0.1075400      0.1075800      4.0289000E-05
   1.282000       7800.312      0.1076500      0.1076900      4.4583001E-05
   1.299000       7698.229      0.1077400      0.1077900      5.2317999E-05
   1.316000       7598.784      0.1078400      0.1079000      6.1744002E-05
   1.333000       7501.876      0.1079700      0.1080400      7.3260999E-05
   1.351000       7401.925      0.1083300      0.1084300      9.1622001E-05
   1.370000       7299.270      0.1085300      0.1086600      1.2591000E-04
   1.389000       7199.424      0.1086900      0.1088800      1.8683000E-04
   1.408000       7102.273      0.1085900      0.1088600      2.7038000E-04
   1.429000       6997.900      0.1088800      0.1092600      3.8534999E-04
   1.449000       6901.311      0.1089500      0.1093800      4.3329000E-04
   1.471000       6798.097      0.1094400      0.1099300      4.9249001E-04
   1.493000       6697.923      0.1093500      0.1098300      4.8043000E-04
   1.515000       6600.660      0.1097600      0.1102900      5.3229003E-04
   1.538000       6501.951      0.1098000      0.1103600      5.5619999E-04
   1.562000       6402.048      0.1100900      0.1107100      6.2142999E-04
   1.587000       6301.197      0.1101300      0.1108200      6.8927999E-04
   1.613000       6199.628      0.1103300      0.1111100      7.8216998E-04
   1.639000       6101.281      0.1106200      0.1115200      8.9584000E-04
   1.667000       5998.800      0.1106700      0.1116900      1.0204000E-03
   1.695000       5899.705      0.1104000      0.1115400      1.1409000E-03
   1.724000       5800.464      0.1107200      0.1120300      1.3040000E-03
   1.754000       5701.254      0.1103500      0.1118300      1.4836000E-03
   1.786000       5599.104      0.1104800      0.1121700      1.6844000E-03
   1.818000       5500.550      0.1099300      0.1117200      1.7857000E-03
   1.852000       5399.568      0.1099900      0.1119500      1.9650999E-03
   1.887000       5299.417      0.1092900      0.1118600      2.5684000E-03
   1.923000       5200.208      0.1081100      0.1115600      3.4479001E-03
   1.961000       5099.439      0.1075200      0.1112700      3.7564000E-03
   2.000000       5000.000      0.1071700      0.1109000      3.7284000E-03
   2.041000       4899.559      0.1067400      0.1104900      3.7408001E-03
   2.083000       4800.768      0.1063400      0.1101500      3.8077000E-03
   2.128000       4699.248      0.1058200      0.1097400      3.9225998E-03
   2.174000       4599.816      0.1053200      0.1094300      4.1120001E-03
   2.222000       4500.450      0.1049200      0.1092600      4.3315999E-03
   2.273000       4399.472      0.1046600      0.1093400      4.6811001E-03
   2.326000       4299.226      0.1046400      0.1097200      5.0804000E-03
   2.381000       4199.916      0.1048900      0.1105500      5.6575998E-03
   2.439000       4100.041      0.1053900      0.1120700      6.6728001E-03
   2.500000       4000.000      0.1065800      0.1146100      8.0281999E-03
   2.564000       3900.156      0.1107000      0.1188800      8.1786001E-03
   2.632000       3799.392      0.1148200      0.1244500      9.6316999E-03
   2.688000       3720.238      0.1201100      0.1302500      1.0138000E-02
   2.725000       3669.725      0.1258400      0.1364500      1.0615000E-02
   2.762000       3620.565      0.1119900      0.1383200      2.6327999E-02
   2.770000       3610.108      0.1079300      0.1378100      2.9874999E-02
   2.833000       3529.827      8.6129002E-02  0.1316300      4.5504998E-02
   2.841000       3519.887      8.3857000E-02  0.1306700      4.6817999E-02
   2.882000       3469.813      7.6188996E-02  0.1271600      5.0976001E-02
   2.915000       3430.532      7.2999999E-02  0.1256400      5.2638002E-02
   2.941000       3400.204      7.1889997E-02  0.1251500      5.3259999E-02
   2.985000       3350.084      7.0246004E-02  0.1243900      5.4140002E-02
   3.021000       3310.162      6.9009997E-02  0.1237700      5.4756999E-02
   3.077000       3249.919      6.7156002E-02  0.1227500      5.5596001E-02
   3.175000       3149.606      6.3653998E-02  0.1207600      5.7108998E-02
   3.279000       3049.710      6.1632998E-02  0.1198700      5.8238000E-02
   3.344000       2990.430      6.0982000E-02  0.1198000      5.8821000E-02
   3.413000       2929.974      6.1370000E-02  0.1205200      5.9153002E-02
   3.472000       2880.184      6.1441999E-02  0.1209000      5.9461001E-02
   3.559000       2809.778      6.2670998E-02  0.1222600      5.9592001E-02
   3.623000       2760.144      6.4299002E-02  0.1236300      5.9333000E-02
   3.690000       2710.027      6.5844998E-02  0.1248700      5.9025001E-02
   3.759000       2660.282      6.7580998E-02  0.1261700      5.8587998E-02
   3.817000       2619.859      6.8576999E-02  0.1269600      5.8382999E-02
   3.846000       2600.104      6.9123000E-02  0.1273700      5.8247998E-02
   3.861000       2590.002      6.9289997E-02  0.1275200      5.8226001E-02
   3.906000       2560.164      6.9784999E-02  0.1279400      5.8157999E-02
   3.953000       2529.724      7.0262000E-02  0.1283700      5.8109000E-02
   4.000000       2500.000      7.0906997E-02  0.1289100      5.8001999E-02
   4.082000       2449.780      7.2154000E-02  0.1298900      5.7737000E-02
   4.149000       2410.219      7.3582999E-02  0.1308800      5.7301998E-02
   4.219000       2370.230      7.5143002E-02  0.1320500      5.6903001E-02
   4.274000       2339.729      7.7861004E-02  0.1335800      5.5723000E-02
   4.292000       2329.916      7.8392997E-02  0.1338800      5.5486001E-02
   4.367000       2289.901      7.8043997E-02  0.1335600      5.5511001E-02
   4.464000       2240.143      7.7092998E-02  0.1329900      5.5900998E-02
   4.587000       2180.074      7.7425003E-02  0.1332900      5.5865001E-02
   4.717000       2119.991      7.9324998E-02  0.1342800      5.4951001E-02
   4.808000       2079.867      7.9861999E-02  0.1342500      5.4382998E-02
   4.950000       2020.202      7.8795999E-02  0.1325700      5.3776000E-02
   5.102000       1960.016      7.4739002E-02  0.1288900      5.4154001E-02
   5.181000       1930.129      7.2172999E-02  0.1267100      5.4538999E-02
   5.263000       1900.057      6.9339000E-02  0.1244400      5.5105999E-02
   5.319000       1880.053      6.7382999E-02  0.1229300      5.5543002E-02
   5.376000       1860.119      6.5173000E-02  0.1212800      5.6106001E-02
   5.435000       1839.926      6.3204996E-02  0.1200500      5.6848999E-02
   5.495000       1819.836      6.1574999E-02  0.1191100      5.7534002E-02
   5.556000       1799.856      6.0353000E-02  0.1186400      5.8292001E-02
   5.618000       1779.993      5.9822999E-02  0.1189400      5.9114002E-02
   5.650000       1769.911      6.0058001E-02  0.1194500      5.9397001E-02
   5.682000       1759.944      6.0180999E-02  0.1198300      5.9643999E-02
   5.747000       1740.038      6.0199998E-02  0.1204100      6.0208999E-02
   5.814000       1719.986      6.1454002E-02  0.1223700      6.0919002E-02
   5.882000       1700.102      6.4005002E-02  0.1249300      6.0920998E-02
   5.952000       1680.108      6.6344999E-02  0.1268800      6.0536999E-02
   6.024000       1660.026      6.8694003E-02  0.1286500      5.9953999E-02
   6.061000       1649.893      7.0096999E-02  0.1296300      5.9528999E-02
   6.098000       1639.882      7.1965002E-02  0.1308700      5.8901999E-02
   6.135000       1629.992      7.4239001E-02  0.1321900      5.7948999E-02
   6.173000       1619.958      7.6344997E-02  0.1328500      5.6508001E-02
   6.211000       1610.047      7.7650003E-02  0.1329700      5.5321999E-02
   6.250000       1600.000      7.8116998E-02  0.1322900      5.4171000E-02
   6.329000       1580.028      7.8243002E-02  0.1306000      5.2358001E-02
   6.410000       1560.062      7.7019997E-02  0.1278400      5.0818998E-02
   6.494000       1539.883      7.4355997E-02  0.1240100      4.9654000E-02
   6.536000       1529.988      7.3062003E-02  0.1221600      4.9100000E-02
   6.579000       1519.988      7.1069002E-02  0.1195000      4.8429001E-02
   6.623000       1509.890      6.8256997E-02  0.1163100      4.8051000E-02
   6.667000       1499.925      6.5171003E-02  0.1134100      4.8236001E-02
   6.711000       1490.091      6.2374000E-02  0.1108100      4.8434999E-02
   6.803000       1469.940      5.7372000E-02  0.1060300      4.8655000E-02
   6.897000       1449.906      5.3608999E-02  0.1024400      4.8829000E-02
   6.993000       1430.001      4.7736000E-02  9.5377997E-02  4.7642000E-02
   7.092000       1410.039      4.1448999E-02  8.9954004E-02  4.8505001E-02
   7.194000       1390.047      3.5615001E-02  8.4642000E-02  4.9027000E-02
   7.299000       1370.051      3.0724000E-02  8.0697000E-02  4.9973000E-02
   7.353000       1359.989      2.8599000E-02  7.9237998E-02  5.0639000E-02
   7.463000       1339.944      2.7743001E-02  8.0872998E-02  5.3130001E-02
   7.576000       1319.958      3.0314000E-02  8.6250998E-02  5.5937000E-02
   7.634000       1309.929      3.1886000E-02  8.9024000E-02  5.7139002E-02
   7.752000       1289.990      3.4377001E-02  9.3258999E-02  5.8882002E-02
   7.874000       1270.003      3.6497001E-02  9.6706003E-02  6.0208999E-02
   8.000000       1250.000      3.9618999E-02  0.1014300      6.1811998E-02
   8.065000       1239.926      4.1273002E-02  0.1039000      6.2623002E-02
   8.130000       1230.012      4.3549001E-02  0.1071900      6.3643999E-02
   8.264000       1210.068      4.7398999E-02  0.1128600      6.5457001E-02
   8.403000       1190.051      5.0744999E-02  0.1176800      6.6933997E-02
   8.547000       1170.001      5.3815000E-02  0.1219800      6.8166003E-02
   8.621000       1159.958      5.5094000E-02  0.1237900      6.8691000E-02
   8.696000       1149.954      5.6426998E-02  0.1256300      6.9202997E-02
   8.850000       1129.943      5.8024000E-02  0.1280700      7.0049003E-02
   8.929000       1119.946      5.8554001E-02  0.1288900      7.0335999E-02
   9.009000       1110.001      5.8825001E-02  0.1292800      7.0454001E-02
   9.091000       1099.989      5.8680002E-02  0.1290500      7.0368998E-02
   9.174000       1090.037      5.7785001E-02  0.1278900      7.0106000E-02
   9.259000       1080.030      5.6111000E-02  0.1260100      6.9898002E-02
   9.346000       1069.976      5.5813000E-02  0.1259900      7.0176996E-02
   9.434000       1059.996      5.6947999E-02  0.1276000      7.0648000E-02
   9.524000       1049.979      5.9090000E-02  0.1302500      7.1160004E-02
   9.615000       1040.042      6.1353002E-02  0.1330100      7.1652003E-02
   9.709000       1029.972      6.3538000E-02  0.1358300      7.2292998E-02
   9.804000       1019.992      6.5681003E-02  0.1385200      7.2835997E-02
   9.901000       1009.999      6.8403997E-02  0.1413500      7.2943002E-02
   10.10100       990.0010      7.4933000E-02  0.1460500      7.1116000E-02
   10.20400       980.0078      7.7092998E-02  0.1469400      6.9843002E-02
   10.30900       970.0262      7.8647003E-02  0.1472400      6.8590999E-02
   10.38400       963.0200      7.9443999E-02  0.1472300      6.7783996E-02
   10.41700       959.9693      7.9360999E-02  0.1464800      6.7117997E-02
   10.52600       950.0285      7.8607999E-02  0.1445700      6.5959997E-02
   10.63800       940.0264      7.5622000E-02  0.1407400      6.5121002E-02
   10.75300       929.9730      6.9767997E-02  0.1352000      6.5428004E-02
   10.87000       919.9632      6.4355999E-02  0.1314600      6.7106001E-02
   10.98900       910.0009      6.1675999E-02  0.1307400      6.9068000E-02
   11.11100       900.0090      6.2716000E-02  0.1337900      7.1070999E-02
   11.23600       889.9965      6.6927001E-02  0.1392900      7.2360002E-02
   11.36400       879.9718      7.3517002E-02  0.1453500      7.1836002E-02
   11.44200       873.9730      7.7491999E-02  0.1482200      7.0730999E-02
   11.49400       870.0191      8.0505997E-02  0.1503000      6.9789000E-02
   11.76500       849.9787      9.3056001E-02  0.1553700      6.2316999E-02
   11.90500       839.9832      9.6040003E-02  0.1551600      5.9115998E-02
   12.19500       820.0082      9.7621001E-02  0.1513900      5.3773999E-02
   12.50000       800.0000      9.4727002E-02  0.1451000      5.0368000E-02
   12.65800       790.0142      9.2253998E-02  0.1415800      4.9330998E-02
   12.82100       779.9703      8.9454003E-02  0.1379200      4.8466999E-02
   13.15800       759.9939      8.3474003E-02  0.1308100      4.7336999E-02
   13.51400       739.9734      7.7546999E-02  0.1241700      4.6619002E-02
   13.88900       719.9943      7.1690001E-02  0.1177500      4.6060000E-02
   14.28600       699.9860      6.6091001E-02  0.1109100      4.4819999E-02
   14.70600       679.9946      5.8171999E-02  0.1025800      4.4406999E-02
   14.92500       670.0167      5.3870000E-02  9.8392002E-02  4.4521000E-02
   15.38500       649.9838      4.3896001E-02  8.9941002E-02  4.6045002E-02
   15.87300       630.0006      3.5792999E-02  8.7761000E-02  5.1968001E-02
   16.12900       620.0012      3.4743000E-02  9.0498000E-02  5.5755001E-02
   16.66700       599.9880      3.6263000E-02  9.9496998E-02  6.3234001E-02
   16.94900       590.0053      4.1244000E-02  0.1090000      6.7757003E-02
   17.24100       580.0128      4.7465000E-02  0.1174200      6.9957003E-02
   17.54400       569.9954      5.4303002E-02  0.1242700      6.9963999E-02
   17.85700       560.0045      6.0284998E-02  0.1273300      6.7041002E-02
   18.18200       549.9945      6.4225003E-02  0.1258800      6.1659001E-02
   18.51900       539.9860      6.5310001E-02  0.1212300      5.5916999E-02
   18.86800       529.9979      6.3279003E-02  0.1141000      5.0818000E-02
   19.60800       509.9959      5.6155000E-02  0.1015700      4.5410998E-02
   20.00000       500.0000      5.2483998E-02  9.6185997E-02  4.3701001E-02
   20.40800       490.0039      4.8427001E-02  9.1297999E-02  4.2870998E-02
   20.83300       480.0077      4.3811999E-02  8.7053001E-02  4.3241002E-02
   21.27700       469.9911      4.0968001E-02  8.6453997E-02  4.5487002E-02
   22.22200       450.0045      4.1797999E-02  8.9899004E-02  4.8101000E-02
   22.72700       440.0053      4.2597000E-02  8.9396000E-02  4.6799000E-02
   23.25600       429.9966      4.3861002E-02  8.8375002E-02  4.4514999E-02
   24.39000       410.0041      4.3264002E-02  7.8318998E-02  3.5055999E-02
   25.00000       400.0000      4.0922999E-02  7.1685001E-02  3.0762000E-02
   50.00000       200.0000      3.7920000E-03  1.3322000E-02  9.5300004E-03
   100.0000       100.0000      2.2784001E-04  4.0878998E-03  3.8600999E-03
   500.0000       20.00000      3.5144001E-07  7.1360002E-04  7.1325002E-04
   1000.000       10.00000      2.1949001E-08  3.5649000E-04  3.5647000E-04
