    0.00  0.1274E-20  0.9573E-21  0.5567E-28  0.2474E-21   0.00
    0.10  0.1408E-20  0.1058E-20  0.6152E-28  0.2734E-21   0.00
    0.20  0.1556E-20  0.1169E-20  0.6799E-28  0.3022E-21   0.00
    0.30  0.1720E-20  0.1292E-20  0.7514E-28  0.3339E-21   0.00
    0.40  0.1900E-20  0.1428E-20  0.8305E-28  0.3691E-21   0.00
    0.50  0.2100E-20  0.1578E-20  0.9178E-28  0.4079E-21   0.00
    0.60  0.2321E-20  0.1744E-20  0.1014E-27  0.4508E-21   0.00
    0.70  0.2565E-20  0.1928E-20  0.1121E-27  0.4982E-21   0.00
    0.80  0.2835E-20  0.2131E-20  0.1239E-27  0.5506E-21   0.00
    0.90  0.3133E-20  0.2355E-20  0.1369E-27  0.6085E-21   0.00
    1.00  0.3463E-20  0.2602E-20  0.1513E-27  0.6725E-21   0.00
    1.10  0.3827E-20  0.2876E-20  0.1672E-27  0.7432E-21   0.00
    1.20  0.4229E-20  0.3178E-20  0.1848E-27  0.8213E-21   0.00
    1.30  0.4674E-20  0.3513E-20  0.2043E-27  0.9077E-21   0.00
    1.40  0.5166E-20  0.3882E-20  0.2257E-27  0.1003E-20   0.00
    1.50  0.5709E-20  0.4290E-20  0.2495E-27  0.1109E-20   0.00
    1.60  0.6309E-20  0.4742E-20  0.2757E-27  0.1225E-20   0.00
    1.70  0.6973E-20  0.5240E-20  0.3047E-27  0.1354E-20   0.00
    1.80  0.7706E-20  0.5791E-20  0.3368E-27  0.1497E-20   0.00
    1.90  0.8517E-20  0.6400E-20  0.3722E-27  0.1654E-20   0.00
    2.00  0.9413E-20  0.7074E-20  0.4113E-27  0.1828E-20   0.00
    2.10  0.1040E-19  0.7818E-20  0.4546E-27  0.2020E-20   0.00
    2.20  0.1150E-19  0.8640E-20  0.5024E-27  0.2233E-20   0.00
    2.30  0.1271E-19  0.9549E-20  0.5553E-27  0.2468E-20   0.00
    2.40  0.1404E-19  0.1055E-19  0.6136E-27  0.2727E-20   0.00
    2.50  0.1552E-19  0.1166E-19  0.6782E-27  0.3014E-20   0.00
    2.60  0.1715E-19  0.1289E-19  0.7495E-27  0.3331E-20   0.00
    2.70  0.1896E-19  0.1424E-19  0.8283E-27  0.3681E-20   0.00
    2.80  0.2095E-19  0.1574E-19  0.9154E-27  0.4068E-20   0.00
    2.90  0.2315E-19  0.1740E-19  0.1012E-26  0.4496E-20   0.00
    3.00  0.2559E-19  0.1923E-19  0.1118E-26  0.4969E-20   0.00
    3.10  0.2828E-19  0.2125E-19  0.1236E-26  0.5491E-20   0.00
    3.20  0.3125E-19  0.2349E-19  0.1366E-26  0.6069E-20   0.00
    3.30  0.3454E-19  0.2596E-19  0.1509E-26  0.6707E-20   0.00
    3.40  0.3817E-19  0.2868E-19  0.1668E-26  0.7413E-20   0.00
    3.50  0.4218E-19  0.3170E-19  0.1843E-26  0.8192E-20   0.00
    3.60  0.4662E-19  0.3504E-19  0.2037E-26  0.9054E-20   0.00
    3.70  0.5152E-19  0.3872E-19  0.2252E-26  0.1001E-19   0.00
    3.80  0.5694E-19  0.4279E-19  0.2488E-26  0.1106E-19   0.00
    3.90  0.6293E-19  0.4729E-19  0.2750E-26  0.1222E-19   0.00
    4.00  0.6955E-19  0.5227E-19  0.3039E-26  0.1351E-19   0.00
    4.10  0.7687E-19  0.5776E-19  0.3359E-26  0.1493E-19   0.00
    4.20  0.8495E-19  0.6384E-19  0.3712E-26  0.1650E-19   0.00
    4.30  0.9388E-19  0.7055E-19  0.4103E-26  0.1823E-19   0.00
    4.40  0.1038E-18  0.7798E-19  0.4534E-26  0.2015E-19   0.00
    4.50  0.1147E-18  0.8617E-19  0.5011E-26  0.2227E-19   0.00
    4.60  0.1267E-18  0.9524E-19  0.5538E-26  0.2461E-19   0.00
    4.70  0.1401E-18  0.1053E-18  0.6121E-26  0.2720E-19   0.00
    4.80  0.1548E-18  0.1163E-18  0.6764E-26  0.3006E-19   0.00
    4.90  0.1711E-18  0.1286E-18  0.7476E-26  0.3322E-19   0.00
    5.00  0.1891E-18  0.1421E-18  0.8262E-26  0.3672E-19   0.00
    5.10  0.2089E-18  0.1570E-18  0.9131E-26  0.4058E-19   0.00
    5.20  0.2309E-18  0.1735E-18  0.1009E-25  0.4484E-19   0.00
    5.30  0.2552E-18  0.1918E-18  0.1115E-25  0.4956E-19   0.00
    5.40  0.2820E-18  0.2120E-18  0.1233E-25  0.5477E-19   0.00
    5.50  0.3117E-18  0.2342E-18  0.1362E-25  0.6053E-19   0.00
    5.60  0.3445E-18  0.2589E-18  0.1505E-25  0.6690E-19   0.00
    5.70  0.3807E-18  0.2861E-18  0.1664E-25  0.7394E-19   0.00
    5.80  0.4208E-18  0.3162E-18  0.1839E-25  0.8171E-19   0.00
    5.90  0.4650E-18  0.3495E-18  0.2032E-25  0.9030E-19   0.00
    6.00  0.5139E-18  0.3862E-18  0.2246E-25  0.9980E-19   0.00
    6.10  0.5680E-18  0.4268E-18  0.2482E-25  0.1103E-18   0.00
    6.20  0.6277E-18  0.4717E-18  0.2743E-25  0.1219E-18   0.00
    6.30  0.6937E-18  0.5213E-18  0.3032E-25  0.1347E-18   0.00
    6.40  0.7667E-18  0.5762E-18  0.3350E-25  0.1489E-18   0.00
    6.50  0.8473E-18  0.6367E-18  0.3703E-25  0.1645E-18   0.00
    6.60  0.9364E-18  0.7037E-18  0.4092E-25  0.1819E-18   0.00
    6.70  0.1035E-17  0.7777E-18  0.4523E-25  0.2010E-18   0.00
    6.80  0.1144E-17  0.8595E-18  0.4998E-25  0.2221E-18   0.00
    6.90  0.1264E-17  0.9499E-18  0.5524E-25  0.2455E-18   0.00
    7.00  0.1397E-17  0.1050E-17  0.6105E-25  0.2713E-18   0.00
    7.10  0.1544E-17  0.1160E-17  0.6747E-25  0.2998E-18   0.00
    7.20  0.1706E-17  0.1282E-17  0.7456E-25  0.3313E-18   0.00
    7.30  0.1886E-17  0.1417E-17  0.8241E-25  0.3662E-18   0.00
    7.40  0.2084E-17  0.1566E-17  0.9107E-25  0.4047E-18   0.00
    7.50  0.2303E-17  0.1731E-17  0.1006E-24  0.4473E-18   0.00
    7.60  0.2545E-17  0.1913E-17  0.1112E-24  0.4943E-18   0.00
    7.70  0.2813E-17  0.2114E-17  0.1229E-24  0.5463E-18   0.00
    7.80  0.3109E-17  0.2336E-17  0.1359E-24  0.6038E-18   0.00
    7.90  0.3436E-17  0.2582E-17  0.1502E-24  0.6673E-18   0.00
    8.00  0.3797E-17  0.2854E-17  0.1659E-24  0.7374E-18   0.00
    8.10  0.4197E-17  0.3154E-17  0.1834E-24  0.8150E-18   0.00
    8.20  0.4638E-17  0.3486E-17  0.2027E-24  0.9007E-18   0.00
    8.30  0.5126E-17  0.3852E-17  0.2240E-24  0.9954E-18   0.00
    8.40  0.5665E-17  0.4257E-17  0.2476E-24  0.1100E-17   0.00
    8.50  0.6261E-17  0.4705E-17  0.2736E-24  0.1216E-17   0.00
    8.60  0.6919E-17  0.5200E-17  0.3024E-24  0.1344E-17   0.00
    8.70  0.7647E-17  0.5747E-17  0.3342E-24  0.1485E-17   0.00
    8.80  0.8451E-17  0.6351E-17  0.3693E-24  0.1641E-17   0.00
    8.90  0.9340E-17  0.7019E-17  0.4082E-24  0.1814E-17   0.00
    9.00  0.1032E-16  0.7757E-17  0.4511E-24  0.2005E-17   0.00
    9.10  0.1141E-16  0.8573E-17  0.4985E-24  0.2215E-17   0.00
    9.20  0.1261E-16  0.9475E-17  0.5510E-24  0.2448E-17   0.00
    9.30  0.1393E-16  0.1047E-16  0.6089E-24  0.2706E-17   0.00
    9.40  0.1540E-16  0.1157E-16  0.6729E-24  0.2990E-17   0.00
    9.50  0.1702E-16  0.1279E-16  0.7437E-24  0.3305E-17   0.00
    9.60  0.1881E-16  0.1413E-16  0.8219E-24  0.3653E-17   0.00
    9.70  0.2079E-16  0.1562E-16  0.9083E-24  0.4037E-17   0.00
    9.80  0.2297E-16  0.1726E-16  0.1004E-23  0.4461E-17   0.00
    9.90  0.2539E-16  0.1908E-16  0.1109E-23  0.4931E-17   0.00
   10.00  0.2806E-16  0.2109E-16  0.1226E-23  0.5449E-17   0.00
   10.10  0.3101E-16  0.2330E-16  0.1355E-23  0.6022E-17   0.00
   10.20  0.3427E-16  0.2575E-16  0.1498E-23  0.6655E-17   0.00
   10.30  0.3787E-16  0.2846E-16  0.1655E-23  0.7355E-17   0.00
   10.40  0.4186E-16  0.3146E-16  0.1829E-23  0.8129E-17   0.00
   10.50  0.4626E-16  0.3477E-16  0.2022E-23  0.8984E-17   0.00
   10.60  0.5113E-16  0.3842E-16  0.2234E-23  0.9929E-17   0.00
   10.70  0.5650E-16  0.4246E-16  0.2469E-23  0.1097E-16   0.00
   10.80  0.6245E-16  0.4693E-16  0.2729E-23  0.1213E-16   0.00
   10.90  0.6901E-16  0.5186E-16  0.3016E-23  0.1340E-16   0.00
   11.00  0.7627E-16  0.5732E-16  0.3333E-23  0.1481E-16   0.00
   11.10  0.8429E-16  0.6335E-16  0.3684E-23  0.1637E-16   0.00
   11.20  0.9316E-16  0.7001E-16  0.4071E-23  0.1809E-16   0.00
   11.30  0.1030E-15  0.7737E-16  0.4499E-23  0.1999E-16   0.00
   11.40  0.1138E-15  0.8551E-16  0.4972E-23  0.2210E-16   0.00
   11.50  0.1257E-15  0.9450E-16  0.5495E-23  0.2442E-16   0.00
   11.60  0.1390E-15  0.1044E-15  0.6073E-23  0.2699E-16   0.00
   11.70  0.1536E-15  0.1154E-15  0.6712E-23  0.2983E-16   0.00
   11.80  0.1697E-15  0.1276E-15  0.7418E-23  0.3297E-16   0.00
   11.90  0.1876E-15  0.1410E-15  0.8198E-23  0.3643E-16   0.00
   12.00  0.2073E-15  0.1558E-15  0.9060E-23  0.4026E-16   0.00
   12.10  0.2291E-15  0.1722E-15  0.1001E-22  0.4450E-16   0.00
   12.20  0.2532E-15  0.1903E-15  0.1107E-22  0.4918E-16   0.00
   12.30  0.2799E-15  0.2103E-15  0.1223E-22  0.5435E-16   0.00
   12.40  0.3093E-15  0.2324E-15  0.1352E-22  0.6007E-16   0.00
   12.50  0.3418E-15  0.2569E-15  0.1494E-22  0.6638E-16   0.00
   12.60  0.3778E-15  0.2839E-15  0.1651E-22  0.7336E-16   0.00
   12.70  0.4175E-15  0.3138E-15  0.1825E-22  0.8108E-16   0.00
   12.80  0.4614E-15  0.3468E-15  0.2016E-22  0.8961E-16   0.00
   12.90  0.5099E-15  0.3832E-15  0.2228E-22  0.9903E-16   0.00
   13.00  0.5636E-15  0.4235E-15  0.2463E-22  0.1094E-15   0.00
   13.10  0.6229E-15  0.4681E-15  0.2722E-22  0.1210E-15   0.00
   13.20  0.6884E-15  0.5173E-15  0.3008E-22  0.1337E-15   0.00
   13.30  0.7608E-15  0.5717E-15  0.3325E-22  0.1477E-15   0.00
   13.40  0.8408E-15  0.6318E-15  0.3674E-22  0.1633E-15   0.00
   13.50  0.9292E-15  0.6983E-15  0.4061E-22  0.1804E-15   0.00
   13.60  0.1027E-14  0.7717E-15  0.4488E-22  0.1994E-15   0.00
   13.70  0.1135E-14  0.8529E-15  0.4960E-22  0.2204E-15   0.00
   13.80  0.1254E-14  0.9426E-15  0.5481E-22  0.2436E-15   0.00
   13.90  0.1386E-14  0.1042E-14  0.6058E-22  0.2692E-15   0.00
   14.00  0.1532E-14  0.1151E-14  0.6695E-22  0.2975E-15   0.00
   14.10  0.1693E-14  0.1272E-14  0.7399E-22  0.3288E-15   0.00
   14.20  0.1871E-14  0.1406E-14  0.8177E-22  0.3634E-15   0.00
   14.30  0.2068E-14  0.1554E-14  0.9037E-22  0.4016E-15   0.00
   14.40  0.2286E-14  0.1718E-14  0.9988E-22  0.4438E-15   0.00
   14.50  0.2526E-14  0.1898E-14  0.1104E-21  0.4905E-15   0.00
   14.60  0.2791E-14  0.2098E-14  0.1220E-21  0.5421E-15   0.00
   14.70  0.3085E-14  0.2318E-14  0.1348E-21  0.5991E-15   0.00
   14.80  0.3410E-14  0.2562E-14  0.1490E-21  0.6621E-15   0.00
   14.90  0.3768E-14  0.2832E-14  0.1647E-21  0.7318E-15   0.00
   15.00  0.4164E-14  0.3130E-14  0.1820E-21  0.8087E-15   0.00
   15.10  0.4602E-14  0.3459E-14  0.2011E-21  0.8938E-15   0.00
   15.20  0.5086E-14  0.3822E-14  0.2223E-21  0.9878E-15   0.00
   15.30  0.5621E-14  0.4224E-14  0.2457E-21  0.1092E-14   0.00
   15.40  0.6213E-14  0.4669E-14  0.2715E-21  0.1206E-14   0.00
   15.50  0.6866E-14  0.5160E-14  0.3000E-21  0.1333E-14   0.00
   15.60  0.7588E-14  0.5702E-14  0.3316E-21  0.1474E-14   0.00
   15.70  0.8386E-14  0.6302E-14  0.3665E-21  0.1629E-14   0.00
   15.80  0.9268E-14  0.6965E-14  0.4050E-21  0.1800E-14   0.00
   15.90  0.1024E-13  0.7698E-14  0.4476E-21  0.1989E-14   0.00
   16.00  0.1132E-13  0.8507E-14  0.4947E-21  0.2198E-14   0.00
   16.10  0.1251E-13  0.9402E-14  0.5467E-21  0.2430E-14   0.00
   16.20  0.1383E-13  0.1039E-13  0.6042E-21  0.2685E-14   0.00
   16.30  0.1528E-13  0.1148E-13  0.6677E-21  0.2967E-14   0.00
   16.40  0.1689E-13  0.1269E-13  0.7380E-21  0.3279E-14   0.00
   16.50  0.1866E-13  0.1403E-13  0.8156E-21  0.3625E-14   0.00
   16.60  0.2063E-13  0.1550E-13  0.9014E-21  0.4006E-14   0.00
   16.70  0.2280E-13  0.1713E-13  0.9962E-21  0.4427E-14   0.00
   16.80  0.2519E-13  0.1893E-13  0.1101E-20  0.4892E-14   0.00
   16.90  0.2784E-13  0.2092E-13  0.1217E-20  0.5407E-14   0.00
   17.00  0.3077E-13  0.2312E-13  0.1345E-20  0.5976E-14   0.00
   17.10  0.3401E-13  0.2556E-13  0.1486E-20  0.6604E-14   0.00
   17.20  0.3758E-13  0.2824E-13  0.1642E-20  0.7299E-14   0.00
   17.30  0.4154E-13  0.3122E-13  0.1815E-20  0.8066E-14   0.00
   17.40  0.4591E-13  0.3450E-13  0.2006E-20  0.8915E-14   0.00
   17.50  0.5073E-13  0.3813E-13  0.2217E-20  0.9852E-14   0.00
   17.60  0.5607E-13  0.4214E-13  0.2450E-20  0.1089E-13   0.00
   17.70  0.6197E-13  0.4657E-13  0.2708E-20  0.1203E-13   0.00
   17.80  0.6848E-13  0.5146E-13  0.2993E-20  0.1330E-13   0.00
   17.90  0.7569E-13  0.5688E-13  0.3307E-20  0.1470E-13   0.00
   18.00  0.8364E-13  0.6286E-13  0.3655E-20  0.1624E-13   0.00
   18.10  0.9244E-13  0.6947E-13  0.4040E-20  0.1795E-13   0.00
   18.20  0.1022E-12  0.7677E-13  0.4464E-20  0.1984E-13   0.00
   18.30  0.1129E-12  0.8485E-13  0.4934E-20  0.2193E-13   0.00
   18.40  0.1248E-12  0.9377E-13  0.5453E-20  0.2423E-13   0.00
   18.50  0.1379E-12  0.1036E-12  0.6027E-20  0.2678E-13   0.00
   18.60  0.1524E-12  0.1145E-12  0.6660E-20  0.2960E-13   0.00
   18.70  0.1684E-12  0.1266E-12  0.7361E-20  0.3271E-13   0.00
   18.80  0.1862E-12  0.1399E-12  0.8135E-20  0.3615E-13   0.00
   18.90  0.2057E-12  0.1546E-12  0.8990E-20  0.3995E-13   0.00
   19.00  0.2274E-12  0.1709E-12  0.9936E-20  0.4416E-13   0.00
   19.10  0.2513E-12  0.1888E-12  0.1098E-19  0.4880E-13   0.00
   19.20  0.2777E-12  0.2087E-12  0.1214E-19  0.5393E-13   0.00
   19.30  0.3069E-12  0.2307E-12  0.1341E-19  0.5960E-13   0.00
   19.40  0.3392E-12  0.2549E-12  0.1482E-19  0.6587E-13   0.00
   19.50  0.3749E-12  0.2817E-12  0.1638E-19  0.7280E-13   0.00
   19.60  0.4143E-12  0.3113E-12  0.1810E-19  0.8046E-13   0.00
   19.70  0.4579E-12  0.3441E-12  0.2001E-19  0.8892E-13   0.00
   19.80  0.5060E-12  0.3803E-12  0.2211E-19  0.9827E-13   0.00
   19.90  0.5592E-12  0.4203E-12  0.2444E-19  0.1086E-12   0.00
   20.00  0.6181E-12  0.4645E-12  0.2701E-19  0.1200E-12   0.00
   20.10  0.6831E-12  0.5133E-12  0.2985E-19  0.1327E-12   0.00
   20.20  0.7549E-12  0.5673E-12  0.3299E-19  0.1466E-12   0.00
   20.30  0.8343E-12  0.6270E-12  0.3646E-19  0.1620E-12   0.00
   20.40  0.9220E-12  0.6929E-12  0.4029E-19  0.1791E-12   0.00
   20.50  0.1019E-11  0.7658E-12  0.4453E-19  0.1979E-12   0.00
   20.60  0.1126E-11  0.8463E-12  0.4921E-19  0.2187E-12   0.00
   20.70  0.1245E-11  0.9353E-12  0.5439E-19  0.2417E-12   0.00
   20.80  0.1375E-11  0.1034E-11  0.6011E-19  0.2671E-12   0.00
   20.90  0.1520E-11  0.1142E-11  0.6643E-19  0.2952E-12   0.00
   21.00  0.1680E-11  0.1263E-11  0.7342E-19  0.3263E-12   0.00
   21.10  0.1857E-11  0.1395E-11  0.8114E-19  0.3606E-12   0.00
   21.20  0.2052E-11  0.1542E-11  0.8967E-19  0.3985E-12   0.00
   21.30  0.2268E-11  0.1704E-11  0.9911E-19  0.4404E-12   0.00
   21.40  0.2506E-11  0.1884E-11  0.1095E-18  0.4867E-12   0.00
   21.50  0.2770E-11  0.2082E-11  0.1210E-18  0.5379E-12   0.00
   21.60  0.3061E-11  0.2301E-11  0.1338E-18  0.5945E-12   0.00
   21.70  0.3383E-11  0.2542E-11  0.1478E-18  0.6570E-12   0.00
   21.80  0.3739E-11  0.2810E-11  0.1634E-18  0.7261E-12   0.00
   21.90  0.4132E-11  0.3105E-11  0.1806E-18  0.8025E-12   0.00
   22.00  0.4567E-11  0.3432E-11  0.1996E-18  0.8869E-12   0.00
   22.10  0.5047E-11  0.3793E-11  0.2206E-18  0.9802E-12   0.00
   22.20  0.5578E-11  0.4192E-11  0.2438E-18  0.1083E-11   0.00
   22.30  0.6165E-11  0.4633E-11  0.2694E-18  0.1197E-11   0.00
   22.40  0.6813E-11  0.5120E-11  0.2977E-18  0.1323E-11   0.00
   22.50  0.7530E-11  0.5658E-11  0.3290E-18  0.1462E-11   0.00
   22.60  0.8321E-11  0.6254E-11  0.3636E-18  0.1616E-11   0.00
   22.70  0.9197E-11  0.6911E-11  0.4019E-18  0.1786E-11   0.00
   22.80  0.1016E-10  0.7638E-11  0.4442E-18  0.1974E-11   0.00
   22.90  0.1123E-10  0.8442E-11  0.4909E-18  0.2181E-11   0.00
   23.00  0.1241E-10  0.9329E-11  0.5425E-18  0.2411E-11   0.00
   23.10  0.1372E-10  0.1031E-10  0.5996E-18  0.2664E-11   0.00
   23.20  0.1516E-10  0.1139E-10  0.6626E-18  0.2945E-11   0.00
   23.30  0.1676E-10  0.1259E-10  0.7323E-18  0.3254E-11   0.00
   23.40  0.1852E-10  0.1392E-10  0.8093E-18  0.3597E-11   0.00
   23.50  0.2047E-10  0.1538E-10  0.8945E-18  0.3975E-11   0.00
   23.60  0.2262E-10  0.1700E-10  0.9885E-18  0.4393E-11   0.00
   23.70  0.2500E-10  0.1879E-10  0.1092E-17  0.4855E-11   0.00
   23.80  0.2763E-10  0.2076E-10  0.1207E-17  0.5365E-11   0.00
   23.90  0.3053E-10  0.2295E-10  0.1334E-17  0.5930E-11   0.00
   24.00  0.3374E-10  0.2536E-10  0.1475E-17  0.6553E-11   0.00
   24.10  0.3729E-10  0.2803E-10  0.1630E-17  0.7242E-11   0.00
   24.20  0.4122E-10  0.3097E-10  0.1801E-17  0.8004E-11   0.00
   24.30  0.4555E-10  0.3423E-10  0.1991E-17  0.8846E-11   0.00
   24.40  0.5034E-10  0.3783E-10  0.2200E-17  0.9776E-11   0.00
   24.50  0.5564E-10  0.4181E-10  0.2431E-17  0.1080E-10   0.00
   24.60  0.6149E-10  0.4621E-10  0.2687E-17  0.1194E-10   0.00
   24.70  0.6796E-10  0.5107E-10  0.2970E-17  0.1320E-10   0.00
   24.80  0.7510E-10  0.5644E-10  0.3282E-17  0.1458E-10   0.00
   24.90  0.8300E-10  0.6238E-10  0.3627E-17  0.1612E-10   0.00
   25.00  0.9173E-10  0.6894E-10  0.4009E-17  0.1781E-10   0.00
   25.10  0.1014E-09  0.7619E-10  0.4430E-17  0.1969E-10   0.00
   25.20  0.1120E-09  0.8420E-10  0.4896E-17  0.2176E-10   0.00
   25.30  0.1238E-09  0.9305E-10  0.5411E-17  0.2405E-10   0.00
   25.40  0.1369E-09  0.1028E-09  0.5980E-17  0.2658E-10   0.00
   25.50  0.1512E-09  0.1137E-09  0.6609E-17  0.2937E-10   0.00
   25.60  0.1671E-09  0.1256E-09  0.7304E-17  0.3246E-10   0.00
   25.70  0.1847E-09  0.1388E-09  0.8072E-17  0.3587E-10   0.00
   25.80  0.2042E-09  0.1534E-09  0.8921E-17  0.3965E-10   0.00
   25.90  0.2256E-09  0.1696E-09  0.9860E-17  0.4382E-10   0.00
   26.00  0.2494E-09  0.1874E-09  0.1090E-16  0.4842E-10   0.00
   26.10  0.2756E-09  0.2071E-09  0.1204E-16  0.5352E-10   0.00
   26.20  0.3046E-09  0.2289E-09  0.1331E-16  0.5915E-10   0.00
   26.30  0.3366E-09  0.2529E-09  0.1471E-16  0.6537E-10   0.00
   26.40  0.3720E-09  0.2796E-09  0.1626E-16  0.7224E-10   0.00
   26.50  0.4111E-09  0.3089E-09  0.1797E-16  0.7984E-10   0.00
   26.60  0.4543E-09  0.3414E-09  0.1985E-16  0.8823E-10   0.00
   26.70  0.5021E-09  0.3774E-09  0.2194E-16  0.9751E-10   0.00
   26.80  0.5549E-09  0.4170E-09  0.2425E-16  0.1078E-09   0.00
   26.90  0.6133E-09  0.4609E-09  0.2680E-16  0.1191E-09   0.00
   27.00  0.6778E-09  0.5094E-09  0.2962E-16  0.1316E-09   0.00
   27.10  0.7491E-09  0.5629E-09  0.3274E-16  0.1455E-09   0.00
   27.20  0.8279E-09  0.6221E-09  0.3618E-16  0.1608E-09   0.00
   27.30  0.9149E-09  0.6876E-09  0.3998E-16  0.1777E-09   0.00
   27.40  0.1011E-08  0.7599E-09  0.4419E-16  0.1964E-09   0.00
   27.50  0.1117E-08  0.8398E-09  0.4883E-16  0.2170E-09   0.00
   27.60  0.1235E-08  0.9281E-09  0.5397E-16  0.2398E-09   0.00
   27.70  0.1365E-08  0.1026E-08  0.5965E-16  0.2651E-09   0.00
   27.80  0.1508E-08  0.1134E-08  0.6592E-16  0.2930E-09   0.00
   27.90  0.1667E-08  0.1253E-08  0.7285E-16  0.3238E-09   0.00
   28.00  0.1843E-08  0.1385E-08  0.8052E-16  0.3578E-09   0.00
   28.10  0.2036E-08  0.1530E-08  0.8898E-16  0.3954E-09   0.00
   28.20  0.2250E-08  0.1691E-08  0.9834E-16  0.4370E-09   0.00
   28.30  0.2487E-08  0.1869E-08  0.1087E-15  0.4830E-09   0.00
   28.40  0.2749E-08  0.2066E-08  0.1201E-15  0.5338E-09   0.00
   28.50  0.3038E-08  0.2283E-08  0.1327E-15  0.5899E-09   0.00
   28.60  0.3357E-08  0.2523E-08  0.1467E-15  0.6520E-09   0.00
   28.70  0.3710E-08  0.2788E-08  0.1621E-15  0.7205E-09   0.00
   28.80  0.4100E-08  0.3082E-08  0.1792E-15  0.7963E-09   0.00
   28.90  0.4532E-08  0.3406E-08  0.1980E-15  0.8801E-09   0.00
   29.00  0.5008E-08  0.3764E-08  0.2189E-15  0.9726E-09   0.00
   29.10  0.5535E-08  0.4160E-08  0.2419E-15  0.1075E-08   0.00
   29.20  0.6117E-08  0.4597E-08  0.2673E-15  0.1188E-08   0.00
   29.30  0.6761E-08  0.5081E-08  0.2954E-15  0.1313E-08   0.00
   29.40  0.7472E-08  0.5615E-08  0.3265E-15  0.1451E-08   0.00
   29.50  0.8257E-08  0.6205E-08  0.3608E-15  0.1604E-08   0.00
   29.60  0.9126E-08  0.6858E-08  0.3988E-15  0.1772E-08   0.00
   29.70  0.1009E-07  0.7580E-08  0.4408E-15  0.1959E-08   0.00
   29.80  0.1115E-07  0.8376E-08  0.4871E-15  0.2165E-08   0.00
   29.90  0.1232E-07  0.9258E-08  0.5383E-15  0.2392E-08   0.00
   30.00  0.1361E-07  0.1023E-07  0.5949E-15  0.2644E-08   0.00
   30.10  0.1505E-07  0.1131E-07  0.6575E-15  0.2922E-08   0.00
   30.20  0.1663E-07  0.1250E-07  0.7266E-15  0.3229E-08   0.00
   30.30  0.1838E-07  0.1381E-07  0.8031E-15  0.3569E-08   0.00
   30.40  0.2031E-07  0.1526E-07  0.8875E-15  0.3944E-08   0.00
   30.50  0.2245E-07  0.1687E-07  0.9809E-15  0.4359E-08   0.00
   30.60  0.2481E-07  0.1864E-07  0.1084E-14  0.4818E-08   0.00
   30.70  0.2742E-07  0.2060E-07  0.1198E-14  0.5324E-08   0.00
   30.80  0.3030E-07  0.2277E-07  0.1324E-14  0.5884E-08   0.00
   30.90  0.3349E-07  0.2516E-07  0.1463E-14  0.6503E-08   0.00
   31.00  0.3701E-07  0.2781E-07  0.1617E-14  0.7187E-08   0.00
   31.10  0.4090E-07  0.3074E-07  0.1787E-14  0.7943E-08   0.00
   31.20  0.4520E-07  0.3397E-07  0.1975E-14  0.8778E-08   0.00
   31.30  0.4995E-07  0.3754E-07  0.2183E-14  0.9701E-08   0.00
   31.40  0.5521E-07  0.4149E-07  0.2413E-14  0.1072E-07   0.00
   31.50  0.6102E-07  0.4585E-07  0.2666E-14  0.1185E-07   0.00
   31.60  0.6743E-07  0.5068E-07  0.2947E-14  0.1310E-07   0.00
   31.70  0.7452E-07  0.5600E-07  0.3257E-14  0.1447E-07   0.00
   31.80  0.8236E-07  0.6190E-07  0.3599E-14  0.1599E-07   0.00
   31.90  0.9102E-07  0.6840E-07  0.3978E-14  0.1768E-07   0.00
   32.00  0.1006E-06  0.7560E-07  0.4396E-14  0.1954E-07   0.00
   32.10  0.1112E-06  0.8355E-07  0.4859E-14  0.2159E-07   0.00
   32.20  0.1229E-06  0.9234E-07  0.5369E-14  0.2386E-07   0.00
   32.30  0.1358E-06  0.1020E-06  0.5934E-14  0.2637E-07   0.00
   32.40  0.1501E-06  0.1128E-06  0.6558E-14  0.2914E-07   0.00
   32.50  0.1658E-06  0.1246E-06  0.7248E-14  0.3221E-07   0.00
   32.60  0.1833E-06  0.1377E-06  0.8010E-14  0.3560E-07   0.00
   32.70  0.2026E-06  0.1522E-06  0.8852E-14  0.3934E-07   0.00
   32.80  0.2239E-06  0.1682E-06  0.9784E-14  0.4348E-07   0.00
   32.90  0.2474E-06  0.1859E-06  0.1081E-13  0.4805E-07   0.00
   33.00  0.2735E-06  0.2055E-06  0.1195E-13  0.5310E-07   0.00
   33.10  0.3022E-06  0.2271E-06  0.1321E-13  0.5869E-07   0.00
   33.20  0.3340E-06  0.2510E-06  0.1460E-13  0.6486E-07   0.00
   33.30  0.3691E-06  0.2774E-06  0.1613E-13  0.7168E-07   0.00
   33.40  0.4079E-06  0.3066E-06  0.1783E-13  0.7922E-07   0.00
   33.50  0.4508E-06  0.3388E-06  0.1970E-13  0.8755E-07   0.00
   33.60  0.4983E-06  0.3744E-06  0.2177E-13  0.9676E-07   0.00
   33.70  0.5506E-06  0.4138E-06  0.2406E-13  0.1069E-06   0.00
   33.80  0.6086E-06  0.4573E-06  0.2659E-13  0.1182E-06   0.00
   33.90  0.6726E-06  0.5054E-06  0.2939E-13  0.1306E-06   0.00
   34.00  0.7433E-06  0.5586E-06  0.3248E-13  0.1443E-06   0.00
   34.10  0.8215E-06  0.6173E-06  0.3590E-13  0.1595E-06   0.00
   34.20  0.9079E-06  0.6823E-06  0.3967E-13  0.1763E-06   0.00
   34.30  0.1003E-05  0.7540E-06  0.4384E-13  0.1948E-06   0.00
   34.40  0.1109E-05  0.8333E-06  0.4846E-13  0.2153E-06   0.00
   34.50  0.1226E-05  0.9210E-06  0.5355E-13  0.2380E-06   0.00
   34.60  0.1354E-05  0.1018E-05  0.5919E-13  0.2630E-06   0.00
   34.70  0.1497E-05  0.1125E-05  0.6541E-13  0.2907E-06   0.00
   34.80  0.1654E-05  0.1243E-05  0.7229E-13  0.3212E-06   0.00
   34.90  0.1828E-05  0.1374E-05  0.7989E-13  0.3550E-06   0.00
   35.00  0.2020E-05  0.1518E-05  0.8829E-13  0.3924E-06   0.00
   35.10  0.2233E-05  0.1678E-05  0.9758E-13  0.4336E-06   0.00
   35.20  0.2468E-05  0.1855E-05  0.1078E-12  0.4792E-06   0.00
   35.30  0.2727E-05  0.2050E-05  0.1192E-12  0.5296E-06   0.00
   35.40  0.3014E-05  0.2265E-05  0.1317E-12  0.5853E-06   0.00
   35.50  0.3331E-05  0.2503E-05  0.1456E-12  0.6469E-06   0.00
   35.60  0.3681E-05  0.2767E-05  0.1609E-12  0.7149E-06   0.00
   35.70  0.4069E-05  0.3058E-05  0.1778E-12  0.7901E-06   0.00
   35.80  0.4496E-05  0.3379E-05  0.1965E-12  0.8732E-06   0.00
   35.90  0.4969E-05  0.3735E-05  0.2172E-12  0.9651E-06   0.00
   36.00  0.5492E-05  0.4127E-05  0.2400E-12  0.1067E-05   0.00
   36.10  0.6070E-05  0.4561E-05  0.2652E-12  0.1179E-05   0.00
   36.20  0.6708E-05  0.5041E-05  0.2931E-12  0.1303E-05   0.00
   36.30  0.7414E-05  0.5571E-05  0.3240E-12  0.1440E-05   0.00
   36.40  0.8193E-05  0.6157E-05  0.3580E-12  0.1591E-05   0.00
   36.50  0.9055E-05  0.6805E-05  0.3957E-12  0.1758E-05   0.00
   36.60  0.1001E-04  0.7520E-05  0.4373E-12  0.1943E-05   0.00
   36.70  0.1106E-04  0.8312E-05  0.4833E-12  0.2148E-05   0.00
   36.80  0.1222E-04  0.9186E-05  0.5341E-12  0.2374E-05   0.00
   36.90  0.1351E-04  0.1015E-04  0.5903E-12  0.2623E-05   0.00
   37.00  0.1493E-04  0.1122E-04  0.6524E-12  0.2899E-05   0.00
   37.10  0.1650E-04  0.1240E-04  0.7210E-12  0.3204E-05   0.00
   37.20  0.1823E-04  0.1370E-04  0.7968E-12  0.3541E-05   0.00
   37.30  0.2015E-04  0.1514E-04  0.8806E-12  0.3914E-05   0.00
   37.40  0.2227E-04  0.1674E-04  0.9732E-12  0.4325E-05   0.00
   37.50  0.2461E-04  0.1850E-04  0.1076E-11  0.4780E-05   0.00
   37.60  0.2720E-04  0.2044E-04  0.1189E-11  0.5283E-05   0.00
   37.70  0.3006E-04  0.2259E-04  0.1314E-11  0.5838E-05   0.00
   37.80  0.3322E-04  0.2497E-04  0.1452E-11  0.6452E-05   0.00
   37.90  0.3672E-04  0.2759E-04  0.1605E-11  0.7131E-05   0.00
   38.00  0.4058E-04  0.3050E-04  0.1773E-11  0.7881E-05   0.00
   38.10  0.4485E-04  0.3370E-04  0.1960E-11  0.8709E-05   0.00
   38.20  0.4956E-04  0.3725E-04  0.2166E-11  0.9625E-05   0.00
   38.30  0.5478E-04  0.4116E-04  0.2394E-11  0.1064E-04   0.00
   38.40  0.6054E-04  0.4549E-04  0.2646E-11  0.1176E-04   0.00
   38.50  0.6690E-04  0.5028E-04  0.2924E-11  0.1299E-04   0.00
   38.60  0.7394E-04  0.5557E-04  0.3231E-11  0.1436E-04   0.00
   38.70  0.8172E-04  0.6141E-04  0.3571E-11  0.1587E-04   0.00
   38.80  0.9031E-04  0.6787E-04  0.3947E-11  0.1754E-04   0.00
   38.90  0.9981E-04  0.7501E-04  0.4362E-11  0.1938E-04   0.00
   39.00  0.1103E-03  0.8290E-04  0.4821E-11  0.2142E-04   0.00
   39.10  0.1219E-03  0.9162E-04  0.5327E-11  0.2367E-04   0.00
   39.20  0.1347E-03  0.1012E-03  0.5888E-11  0.2616E-04   0.00
   39.30  0.1489E-03  0.1119E-03  0.6507E-11  0.2892E-04   0.00
   39.40  0.1646E-03  0.1237E-03  0.7191E-11  0.3196E-04   0.00
   39.50  0.1819E-03  0.1367E-03  0.7947E-11  0.3532E-04   0.00
   39.60  0.2010E-03  0.1510E-03  0.8783E-11  0.3903E-04   0.00
   39.70  0.2221E-03  0.1669E-03  0.9707E-11  0.4314E-04   0.00
   39.80  0.2455E-03  0.1845E-03  0.1073E-10  0.4767E-04   0.00
   39.90  0.2713E-03  0.2039E-03  0.1186E-10  0.5269E-04   0.00
   40.00  0.2998E-03  0.2253E-03  0.1310E-10  0.5823E-04   0.00
   40.10  0.3314E-03  0.2490E-03  0.1448E-10  0.6435E-04   0.00
   40.20  0.3662E-03  0.2752E-03  0.1600E-10  0.7112E-04   0.00
   40.30  0.4047E-03  0.3042E-03  0.1769E-10  0.7860E-04   0.00
   40.40  0.4473E-03  0.3361E-03  0.1955E-10  0.8687E-04   0.00
   40.50  0.4943E-03  0.3715E-03  0.2160E-10  0.9600E-04   0.00
   40.60  0.5463E-03  0.4106E-03  0.2387E-10  0.1061E-03   0.00
   40.70  0.6038E-03  0.4537E-03  0.2639E-10  0.1173E-03   0.00
   40.80  0.6673E-03  0.5015E-03  0.2916E-10  0.1296E-03   0.00
   40.90  0.7375E-03  0.5542E-03  0.3223E-10  0.1432E-03   0.00
   41.00  0.8150E-03  0.6125E-03  0.3562E-10  0.1583E-03   0.00
   41.10  0.9007E-03  0.6769E-03  0.3936E-10  0.1749E-03   0.00
   41.20  0.9955E-03  0.7481E-03  0.4350E-10  0.1933E-03   0.00
   41.30  0.1100E-02  0.8268E-03  0.4808E-10  0.2137E-03   0.00
   41.40  0.1216E-02  0.9137E-03  0.5313E-10  0.2361E-03   0.00
   41.50  0.1344E-02  0.1010E-02  0.5872E-10  0.2609E-03   0.00
   41.60  0.1485E-02  0.1116E-02  0.6490E-10  0.2884E-03   0.00
   41.70  0.1641E-02  0.1233E-02  0.7172E-10  0.3187E-03   0.00
   41.80  0.1814E-02  0.1363E-02  0.7927E-10  0.3523E-03   0.00
   41.90  0.2005E-02  0.1506E-02  0.8760E-10  0.3893E-03   0.00
   42.00  0.2215E-02  0.1665E-02  0.9681E-10  0.4302E-03   0.00
   42.10  0.2448E-02  0.1840E-02  0.1070E-09  0.4755E-03   0.00
   42.20  0.2706E-02  0.2033E-02  0.1182E-09  0.5255E-03   0.00
   42.30  0.2991E-02  0.2247E-02  0.1307E-09  0.5808E-03   0.00
   42.40  0.3305E-02  0.2484E-02  0.1444E-09  0.6418E-03   0.00
   42.50  0.3653E-02  0.2745E-02  0.1596E-09  0.7093E-03   0.00
   42.60  0.4037E-02  0.3034E-02  0.1764E-09  0.7839E-03   0.00
   42.70  0.4461E-02  0.3353E-02  0.1950E-09  0.8664E-03   0.00
   42.80  0.4930E-02  0.3705E-02  0.2155E-09  0.9575E-03   0.00
   42.90  0.5449E-02  0.4095E-02  0.2381E-09  0.1058E-02   0.00
   43.00  0.6022E-02  0.4526E-02  0.2632E-09  0.1169E-02   0.00
   43.10  0.6655E-02  0.5002E-02  0.2908E-09  0.1292E-02   0.00
   43.20  0.7355E-02  0.5528E-02  0.3214E-09  0.1428E-02   0.00
   43.30  0.8129E-02  0.6109E-02  0.3552E-09  0.1579E-02   0.00
   43.40  0.8984E-02  0.6751E-02  0.3926E-09  0.1745E-02   0.00
   43.50  0.9929E-02  0.7461E-02  0.4339E-09  0.1928E-02   0.00
   43.60  0.1097E-01  0.8246E-02  0.4795E-09  0.2131E-02   0.00
   43.70  0.1213E-01  0.9113E-02  0.5299E-09  0.2355E-02   0.00
   43.80  0.1340E-01  0.1007E-01  0.5857E-09  0.2603E-02   0.00
   43.90  0.1481E-01  0.1113E-01  0.6473E-09  0.2876E-02   0.00
   44.00  0.1637E-01  0.1230E-01  0.7154E-09  0.3179E-02   0.00
   44.10  0.1809E-01  0.1360E-01  0.7906E-09  0.3513E-02   0.00
   44.20  0.1999E-01  0.1503E-01  0.8737E-09  0.3883E-02   0.00
   44.30  0.2210E-01  0.1661E-01  0.9656E-09  0.4291E-02   0.00
   44.40  0.2442E-01  0.1835E-01  0.1067E-08  0.4742E-02   0.00
   44.50  0.2699E-01  0.2028E-01  0.1179E-08  0.5241E-02   0.00
   44.60  0.2983E-01  0.2241E-01  0.1303E-08  0.5792E-02   0.00
   44.70  0.3296E-01  0.2477E-01  0.1441E-08  0.6402E-02   0.00
   44.80  0.3643E-01  0.2738E-01  0.1592E-08  0.7075E-02   0.00
   44.90  0.4026E-01  0.3026E-01  0.1759E-08  0.7819E-02   0.00
   45.00  0.4450E-01  0.3344E-01  0.1944E-08  0.8641E-02   0.00
   45.10  0.4918E-01  0.3696E-01  0.2149E-08  0.9550E-02   0.00
   45.20  0.5435E-01  0.4084E-01  0.2375E-08  0.1055E-01   0.00
   45.30  0.6006E-01  0.4514E-01  0.2625E-08  0.1166E-01   0.00
   45.40  0.6638E-01  0.4989E-01  0.2901E-08  0.1289E-01   0.00
   45.50  0.7336E-01  0.5513E-01  0.3206E-08  0.1425E-01   0.00
   45.60  0.8108E-01  0.6093E-01  0.3543E-08  0.1575E-01   0.00
   45.70  0.8960E-01  0.6734E-01  0.3916E-08  0.1740E-01   0.00
   45.80  0.9903E-01  0.7442E-01  0.4327E-08  0.1923E-01   0.01
   45.90  0.1094E+00  0.8224E-01  0.4783E-08  0.2125E-01   0.01
   46.00  0.1209E+00  0.9089E-01  0.5286E-08  0.2349E-01   0.01
   46.10  0.1337E+00  0.1005E+00  0.5841E-08  0.2596E-01   0.01
   46.20  0.1477E+00  0.1110E+00  0.6456E-08  0.2869E-01   0.01
   46.30  0.1633E+00  0.1227E+00  0.7135E-08  0.3171E-01   0.01
   46.40  0.1804E+00  0.1356E+00  0.7885E-08  0.3504E-01   0.01
   46.50  0.1994E+00  0.1499E+00  0.8714E-08  0.3873E-01   0.01
   46.60  0.2204E+00  0.1656E+00  0.9631E-08  0.4280E-01   0.01
   46.70  0.2436E+00  0.1830E+00  0.1064E-07  0.4730E-01   0.01
   46.80  0.2692E+00  0.2023E+00  0.1176E-07  0.5227E-01   0.01
   46.90  0.2975E+00  0.2236E+00  0.1300E-07  0.5777E-01   0.02
   47.00  0.3288E+00  0.2471E+00  0.1437E-07  0.6385E-01   0.02
   47.10  0.3634E+00  0.2731E+00  0.1588E-07  0.7056E-01   0.02
   47.20  0.4016E+00  0.3018E+00  0.1755E-07  0.7798E-01   0.02
   47.30  0.4438E+00  0.3335E+00  0.1939E-07  0.8619E-01   0.02
   47.40  0.4905E+00  0.3686E+00  0.2143E-07  0.9525E-01   0.03
   47.50  0.5421E+00  0.4074E+00  0.2369E-07  0.1053E+00   0.03
   47.60  0.5991E+00  0.4502E+00  0.2618E-07  0.1163E+00   0.03
   47.70  0.6621E+00  0.4975E+00  0.2893E-07  0.1286E+00   0.04
   47.80  0.7317E+00  0.5499E+00  0.3198E-07  0.1421E+00   0.04
   47.90  0.8087E+00  0.6077E+00  0.3534E-07  0.1570E+00   0.04
   48.00  0.8937E+00  0.6716E+00  0.3905E-07  0.1736E+00   0.05
   48.10  0.9877E+00  0.7422E+00  0.4316E-07  0.1918E+00   0.05
   48.20  0.1092E+01  0.8203E+00  0.4770E-07  0.2120E+00   0.06
   48.30  0.1206E+01  0.9066E+00  0.5272E-07  0.2343E+00   0.07
   48.40  0.1333E+01  0.1002E+01  0.5826E-07  0.2589E+00   0.07
   48.50  0.1473E+01  0.1107E+01  0.6439E-07  0.2861E+00   0.08
   48.60  0.1628E+01  0.1224E+01  0.7116E-07  0.3162E+00   0.09
   48.70  0.1800E+01  0.1352E+01  0.7865E-07  0.3495E+00   0.10
   48.80  0.1989E+01  0.1495E+01  0.8691E-07  0.3862E+00   0.11
   48.90  0.2198E+01  0.1652E+01  0.9606E-07  0.4269E+00   0.12
   49.00  0.2429E+01  0.1826E+01  0.1062E-06  0.4718E+00   0.13
   49.10  0.2430E+01  0.1826E+01  0.1173E-06  0.4718E+00   0.13
   49.20  0.2430E+01  0.1826E+01  0.1297E-06  0.4718E+00   0.13
   49.30  0.2430E+01  0.1826E+01  0.1433E-06  0.4718E+00   0.13
   49.40  0.2430E+01  0.1826E+01  0.1584E-06  0.4718E+00   0.13
   49.50  0.2430E+01  0.1826E+01  0.1750E-06  0.4718E+00   0.13
   49.60  0.2430E+01  0.1826E+01  0.1935E-06  0.4718E+00   0.13
   49.70  0.2430E+01  0.1826E+01  0.2138E-06  0.4718E+00   0.13
   49.80  0.2430E+01  0.1826E+01  0.2363E-06  0.4718E+00   0.13
   49.90  0.2430E+01  0.1826E+01  0.2612E-06  0.4718E+00   0.13
   50.00  0.2430E+01  0.1826E+01  0.2886E-06  0.4718E+00   0.13
   50.10  0.2430E+01  0.1826E+01  0.3190E-06  0.4718E+00   0.13
   50.20  0.2430E+01  0.1826E+01  0.3525E-06  0.4718E+00   0.13
   50.30  0.2430E+01  0.1826E+01  0.3895E-06  0.4718E+00   0.13
   50.40  0.2430E+01  0.1826E+01  0.4305E-06  0.4718E+00   0.13
   50.50  0.2430E+01  0.1826E+01  0.4757E-06  0.4718E+00   0.13
   50.60  0.2430E+01  0.1826E+01  0.5258E-06  0.4718E+00   0.13
   50.70  0.2430E+01  0.1826E+01  0.5812E-06  0.4718E+00   0.13
   50.80  0.2430E+01  0.1826E+01  0.6422E-06  0.4718E+00   0.13
   50.90  0.2430E+01  0.1826E+01  0.7097E-06  0.4718E+00   0.13
   51.00  0.2430E+01  0.1826E+01  0.7846E-06  0.4718E+00   0.13
   51.10  0.2430E+01  0.1826E+01  0.8669E-06  0.4718E+00   0.13
   51.20  0.2430E+01  0.1826E+01  0.9580E-06  0.4718E+00   0.13
   51.30  0.2430E+01  0.1826E+01  0.1059E-05  0.4718E+00   0.13
   51.40  0.2430E+01  0.1826E+01  0.1170E-05  0.4718E+00   0.13
   51.50  0.2430E+01  0.1826E+01  0.1293E-05  0.4718E+00   0.13
   51.60  0.2430E+01  0.1826E+01  0.1429E-05  0.4718E+00   0.13
   51.70  0.2430E+01  0.1826E+01  0.1580E-05  0.4718E+00   0.13
   51.80  0.2430E+01  0.1826E+01  0.1746E-05  0.4718E+00   0.13
   51.90  0.2430E+01  0.1826E+01  0.1929E-05  0.4718E+00   0.13
   52.00  0.2430E+01  0.1826E+01  0.2132E-05  0.4718E+00   0.13
   52.10  0.2430E+01  0.1826E+01  0.2357E-05  0.4718E+00   0.13
   52.20  0.2430E+01  0.1826E+01  0.2605E-05  0.4718E+00   0.13
   52.30  0.2430E+01  0.1826E+01  0.2879E-05  0.4718E+00   0.13
   52.40  0.2430E+01  0.1826E+01  0.3180E-05  0.4718E+00   0.13
   52.50  0.2430E+01  0.1826E+01  0.3516E-05  0.4718E+00   0.13
   52.60  0.2430E+01  0.1826E+01  0.3885E-05  0.4718E+00   0.13
   52.70  0.2430E+01  0.1826E+01  0.4293E-05  0.4718E+00   0.13
   52.80  0.2430E+01  0.1826E+01  0.4745E-05  0.4718E+00   0.13
   52.90  0.2430E+01  0.1826E+01  0.5246E-05  0.4718E+00   0.13
   53.00  0.2430E+01  0.1826E+01  0.5797E-05  0.4718E+00   0.13
   53.10  0.2430E+01  0.1826E+01  0.6405E-05  0.4718E+00   0.13
   53.20  0.2430E+01  0.1826E+01  0.7080E-05  0.4718E+00   0.13
   53.30  0.2430E+01  0.1826E+01  0.7824E-05  0.4718E+00   0.13
   53.40  0.2430E+01  0.1826E+01  0.8647E-05  0.4718E+00   0.13
   53.50  0.2430E+01  0.1826E+01  0.9556E-05  0.4718E+00   0.13
   53.60  0.2430E+01  0.1826E+01  0.1056E-04  0.4718E+00   0.13
   53.70  0.2430E+01  0.1826E+01  0.1167E-04  0.4718E+00   0.13
   53.80  0.2430E+01  0.1826E+01  0.1290E-04  0.4718E+00   0.13
   53.90  0.2430E+01  0.1826E+01  0.1426E-04  0.4718E+00   0.13
   54.00  0.2430E+01  0.1826E+01  0.1575E-04  0.4718E+00   0.13
   54.10  0.2430E+01  0.1826E+01  0.1741E-04  0.4718E+00   0.13
   54.20  0.2430E+01  0.1826E+01  0.1924E-04  0.4718E+00   0.13
   54.30  0.2430E+01  0.1826E+01  0.2127E-04  0.4718E+00   0.13
   54.40  0.2430E+01  0.1826E+01  0.2350E-04  0.4718E+00   0.13
   54.50  0.2430E+01  0.1826E+01  0.2597E-04  0.4718E+00   0.13
   54.60  0.2430E+01  0.1826E+01  0.2872E-04  0.4718E+00   0.13
   54.70  0.2430E+01  0.1826E+01  0.3173E-04  0.4718E+00   0.13
   54.80  0.2430E+01  0.1826E+01  0.3506E-04  0.4718E+00   0.13
   54.90  0.2430E+01  0.1826E+01  0.3875E-04  0.4718E+00   0.13
   55.00  0.2430E+01  0.1826E+01  0.4284E-04  0.4718E+00   0.13
   55.10  0.2430E+01  0.1826E+01  0.4733E-04  0.4719E+00   0.13
   55.20  0.2430E+01  0.1826E+01  0.5231E-04  0.4719E+00   0.13
   55.30  0.2430E+01  0.1826E+01  0.5780E-04  0.4719E+00   0.13
   55.40  0.2430E+01  0.1826E+01  0.6388E-04  0.4719E+00   0.13
   55.50  0.2430E+01  0.1826E+01  0.7061E-04  0.4719E+00   0.13
   55.60  0.2430E+01  0.1826E+01  0.7805E-04  0.4719E+00   0.13
   55.70  0.2430E+01  0.1826E+01  0.8623E-04  0.4719E+00   0.13
   55.80  0.2430E+01  0.1826E+01  0.9532E-04  0.4719E+00   0.13
   55.90  0.2430E+01  0.1826E+01  0.1053E-03  0.4719E+00   0.13
   56.00  0.2430E+01  0.1826E+01  0.1164E-03  0.4719E+00   0.13
   56.10  0.2430E+01  0.1826E+01  0.1287E-03  0.4719E+00   0.13
   56.20  0.2430E+01  0.1826E+01  0.1422E-03  0.4719E+00   0.13
   56.30  0.2430E+01  0.1826E+01  0.1571E-03  0.4719E+00   0.13
   56.40  0.2430E+01  0.1826E+01  0.1737E-03  0.4719E+00   0.13
   56.50  0.2430E+01  0.1826E+01  0.1919E-03  0.4719E+00   0.13
   56.60  0.2430E+01  0.1826E+01  0.2121E-03  0.4719E+00   0.13
   56.70  0.2430E+01  0.1826E+01  0.2344E-03  0.4719E+00   0.13
   56.80  0.2430E+01  0.1826E+01  0.2590E-03  0.4719E+00   0.13
   56.90  0.2430E+01  0.1826E+01  0.2863E-03  0.4719E+00   0.13
   57.00  0.2430E+01  0.1826E+01  0.3164E-03  0.4717E+00   0.13
   57.10  0.2290E+01  0.1729E+01  0.3313E-03  0.4469E+00   0.11
   57.20  0.2162E+01  0.1641E+01  0.3473E-03  0.4240E+00   0.10
   57.30  0.2047E+01  0.1560E+01  0.3650E-03  0.4031E+00   0.08
   57.40  0.1943E+01  0.1486E+01  0.3843E-03  0.3841E+00   0.07
   57.50  0.1849E+01  0.1419E+01  0.4056E-03  0.3667E+00   0.06
   57.60  0.1763E+01  0.1358E+01  0.4288E-03  0.3509E+00   0.05
   57.70  0.1686E+01  0.1302E+01  0.4545E-03  0.3365E+00   0.05
   57.80  0.1616E+01  0.1252E+01  0.4827E-03  0.3234E+00   0.04
   57.90  0.1553E+01  0.1205E+01  0.5139E-03  0.3115E+00   0.04
   58.00  0.1496E+01  0.1164E+01  0.5482E-03  0.3006E+00   0.03
   58.10  0.1444E+01  0.1125E+01  0.5860E-03  0.2908E+00   0.03
   58.20  0.1397E+01  0.1091E+01  0.6278E-03  0.2820E+00   0.02
   58.30  0.1355E+01  0.1060E+01  0.6738E-03  0.2738E+00   0.02
   58.40  0.1317E+01  0.1031E+01  0.7247E-03  0.2665E+00   0.02
   58.50  0.1282E+01  0.1005E+01  0.7808E-03  0.2598E+00   0.02
   58.60  0.1251E+01  0.9820E+00  0.8430E-03  0.2537E+00   0.01
   58.70  0.1223E+01  0.9607E+00  0.9114E-03  0.2483E+00   0.01
   58.80  0.1197E+01  0.9415E+00  0.9871E-03  0.2433E+00   0.01
   58.90  0.1174E+01  0.9242E+00  0.1071E-02  0.2388E+00   0.01
   59.00  0.1153E+01  0.9084E+00  0.1164E-02  0.2347E+00   0.01
   59.10  0.1134E+01  0.8941E+00  0.1266E-02  0.2311E+00   0.01
   59.20  0.1117E+01  0.8814E+00  0.1379E-02  0.2277E+00   0.01
   59.30  0.1102E+01  0.8696E+00  0.1503E-02  0.2247E+00   0.01
   59.40  0.1088E+01  0.8591E+00  0.1641E-02  0.2220E+00   0.01
   59.50  0.1076E+01  0.8496E+00  0.1794E-02  0.2195E+00   0.01
   59.60  0.1065E+01  0.8411E+00  0.1963E-02  0.2173E+00   0.00
   59.70  0.1055E+01  0.8334E+00  0.2149E-02  0.2153E+00   0.00
   59.80  0.1046E+01  0.8264E+00  0.2356E-02  0.2136E+00   0.00
   59.90  0.1038E+01  0.8202E+00  0.2584E-02  0.2120E+00   0.00
   60.00  0.1031E+01  0.8146E+00  0.2836E-02  0.2105E+00   0.00
   60.10  0.9524E+00  0.7675E+00  0.2952E-02  0.1795E+00   0.00
   60.20  0.8813E+00  0.7231E+00  0.3074E-02  0.1530E+00   0.00
   60.30  0.8170E+00  0.6815E+00  0.3202E-02  0.1305E+00   0.00
   60.40  0.7591E+00  0.6428E+00  0.3339E-02  0.1114E+00   0.00
   60.50  0.7069E+00  0.6069E+00  0.3483E-02  0.9515E-01   0.00
   60.60  0.6598E+00  0.5737E+00  0.3638E-02  0.8136E-01   0.00
   60.70  0.6175E+00  0.5430E+00  0.3806E-02  0.6972E-01   0.00
   60.80  0.5795E+00  0.5149E+00  0.3989E-02  0.5980E-01   0.00
   60.90  0.5454E+00  0.4891E+00  0.4187E-02  0.5139E-01   0.00
   61.00  0.5148E+00  0.4655E+00  0.4405E-02  0.4427E-01   0.00
   61.10  0.4875E+00  0.4441E+00  0.4644E-02  0.3822E-01   0.00
   61.20  0.4632E+00  0.4248E+00  0.4910E-02  0.3307E-01   0.00
   61.30  0.4417E+00  0.4073E+00  0.5203E-02  0.2870E-01   0.00
   61.40  0.4226E+00  0.3918E+00  0.5532E-02  0.2497E-01   0.00
   61.50  0.4060E+00  0.3779E+00  0.5894E-02  0.2180E-01   0.00
   61.60  0.3914E+00  0.3658E+00  0.6306E-02  0.1909E-01   0.00
   61.70  0.3790E+00  0.3552E+00  0.6768E-02  0.1677E-01   0.00
   61.80  0.3684E+00  0.3461E+00  0.7287E-02  0.1479E-01   0.00
   61.90  0.3596E+00  0.3385E+00  0.7875E-02  0.1309E-01   0.00
   62.00  0.3525E+00  0.3322E+00  0.8545E-02  0.1162E-01   0.00
   62.10  0.3471E+00  0.3273E+00  0.9302E-02  0.1036E-01   0.00
   62.20  0.3432E+00  0.3237E+00  0.1017E-01  0.9271E-02   0.00
   62.30  0.3409E+00  0.3213E+00  0.1116E-01  0.8329E-02   0.00
   62.40  0.3402E+00  0.3203E+00  0.1229E-01  0.7511E-02   0.00
   62.50  0.3409E+00  0.3204E+00  0.1359E-01  0.6797E-02   0.00
   62.60  0.3431E+00  0.3218E+00  0.1508E-01  0.6180E-02   0.00
   62.70  0.3469E+00  0.3244E+00  0.1680E-01  0.5634E-02   0.00
   62.80  0.3523E+00  0.3283E+00  0.1879E-01  0.5162E-02   0.00
   62.90  0.3593E+00  0.3334E+00  0.2109E-01  0.4743E-02   0.00
   63.00  0.3681E+00  0.3399E+00  0.2376E-01  0.4373E-02   0.00
   63.10  0.3786E+00  0.3476E+00  0.2686E-01  0.4047E-02   0.00
   63.20  0.3910E+00  0.3567E+00  0.3047E-01  0.3759E-02   0.00
   63.30  0.4055E+00  0.3673E+00  0.3466E-01  0.3502E-02   0.00
   63.40  0.4221E+00  0.3792E+00  0.3955E-01  0.3272E-02   0.00
   63.50  0.4410E+00  0.3927E+00  0.4525E-01  0.3065E-02   0.00
   63.60  0.4625E+00  0.4077E+00  0.5194E-01  0.2880E-02   0.00
   63.70  0.4867E+00  0.4242E+00  0.5972E-01  0.2712E-02   0.00
   63.80  0.5139E+00  0.4425E+00  0.6887E-01  0.2559E-02   0.00
   63.90  0.5444E+00  0.4624E+00  0.7953E-01  0.2420E-02   0.00
   64.00  0.5784E+00  0.4841E+00  0.9202E-01  0.2292E-02   0.00
   64.10  0.6163E+00  0.5075E+00  0.1066E+00  0.2174E-02   0.00
   64.20  0.6585E+00  0.5327E+00  0.1237E+00  0.2065E-02   0.00
   64.30  0.7054E+00  0.5598E+00  0.1436E+00  0.1964E-02   0.00
   64.40  0.7574E+00  0.5887E+00  0.1669E+00  0.1869E-02   0.00
   64.50  0.8152E+00  0.6193E+00  0.1940E+00  0.1779E-02   0.00
   64.60  0.8792E+00  0.6517E+00  0.2257E+00  0.1693E-02   0.00
   64.70  0.9501E+00  0.6860E+00  0.2625E+00  0.1613E-02   0.00
   64.80  0.1029E+01  0.7218E+00  0.3053E+00  0.1536E-02   0.00
   64.90  0.1116E+01  0.7593E+00  0.3549E+00  0.1461E-02   0.00
   65.00  0.1212E+01  0.7981E+00  0.4123E+00  0.1390E-02   0.00
   65.10  0.1206E+01  0.7868E+00  0.4184E+00  0.1276E-02   0.00
   65.20  0.1201E+01  0.7754E+00  0.4242E+00  0.1171E-02   0.00
   65.30  0.1195E+01  0.7640E+00  0.4302E+00  0.1074E-02   0.00
   65.40  0.1190E+01  0.7529E+00  0.4361E+00  0.9853E-03   0.00
   65.50  0.1185E+01  0.7417E+00  0.4422E+00  0.9040E-03   0.00
   65.60  0.1180E+01  0.7309E+00  0.4483E+00  0.8292E-03   0.00
   65.70  0.1175E+01  0.7200E+00  0.4544E+00  0.7606E-03   0.00
   65.80  0.1171E+01  0.7093E+00  0.4606E+00  0.6976E-03   0.00
   65.90  0.1166E+01  0.6986E+00  0.4668E+00  0.6397E-03   0.00
   66.00  0.1162E+01  0.6880E+00  0.4731E+00  0.5866E-03   0.00
   66.10  0.1129E+01  0.6687E+00  0.4599E+00  0.5308E-03   0.00
   66.20  0.1097E+01  0.6498E+00  0.4468E+00  0.4802E-03   0.00
   66.30  0.1066E+01  0.6315E+00  0.4342E+00  0.4345E-03   0.00
   66.40  0.1036E+01  0.6136E+00  0.4220E+00  0.3932E-03   0.00
   66.50  0.1007E+01  0.5963E+00  0.4100E+00  0.3557E-03   0.00
   66.60  0.9783E+00  0.5794E+00  0.3985E+00  0.3219E-03   0.00
   66.70  0.9506E+00  0.5631E+00  0.3873E+00  0.2912E-03   0.00
   66.80  0.9238E+00  0.5472E+00  0.3764E+00  0.2635E-03   0.00
   66.90  0.8977E+00  0.5318E+00  0.3657E+00  0.2383E-03   0.00
   67.00  0.8724E+00  0.5168E+00  0.3554E+00  0.2157E-03   0.00
   67.10  0.8478E+00  0.5022E+00  0.3454E+00  0.1952E-03   0.00
   67.20  0.8238E+00  0.4880E+00  0.3356E+00  0.1765E-03   0.00
   67.30  0.8006E+00  0.4743E+00  0.3262E+00  0.1598E-03   0.00
   67.40  0.7780E+00  0.4609E+00  0.3170E+00  0.1446E-03   0.00
   67.50  0.7560E+00  0.4479E+00  0.3080E+00  0.1308E-03   0.00
   67.60  0.7347E+00  0.4353E+00  0.2993E+00  0.1184E-03   0.00
   67.70  0.7140E+00  0.4230E+00  0.2909E+00  0.1071E-03   0.00
   67.80  0.6939E+00  0.4110E+00  0.2827E+00  0.9686E-04   0.00
   67.90  0.6743E+00  0.3995E+00  0.2747E+00  0.8766E-04   0.00
   68.00  0.6553E+00  0.3882E+00  0.2670E+00  0.7936E-04   0.00
   68.10  0.6368E+00  0.3773E+00  0.2594E+00  0.7177E-04   0.00
   68.20  0.6189E+00  0.3667E+00  0.2521E+00  0.6492E-04   0.00
   68.30  0.6014E+00  0.3563E+00  0.2450E+00  0.5876E-04   0.00
   68.40  0.5845E+00  0.3463E+00  0.2381E+00  0.5317E-04   0.00
   68.50  0.5680E+00  0.3365E+00  0.2314E+00  0.4811E-04   0.00
   68.60  0.5520E+00  0.3270E+00  0.2249E+00  0.4353E-04   0.00
   68.70  0.5364E+00  0.3178E+00  0.2185E+00  0.3939E-04   0.00
   68.80  0.5213E+00  0.3089E+00  0.2124E+00  0.3564E-04   0.00
   68.90  0.5066E+00  0.3002E+00  0.2064E+00  0.3225E-04   0.00
   69.00  0.4923E+00  0.2917E+00  0.2006E+00  0.2918E-04   0.00
   69.10  0.4785E+00  0.2835E+00  0.1950E+00  0.2640E-04   0.00
   69.20  0.4650E+00  0.2755E+00  0.1895E+00  0.2389E-04   0.00
   69.30  0.4519E+00  0.2677E+00  0.1841E+00  0.2161E-04   0.00
   69.40  0.4391E+00  0.2602E+00  0.1789E+00  0.1956E-04   0.00
   69.50  0.4268E+00  0.2529E+00  0.1739E+00  0.1770E-04   0.00
   69.60  0.4147E+00  0.2457E+00  0.1690E+00  0.1601E-04   0.00
   69.70  0.4031E+00  0.2388E+00  0.1642E+00  0.1449E-04   0.00
   69.80  0.3917E+00  0.2321E+00  0.1596E+00  0.1311E-04   0.00
   69.90  0.3807E+00  0.2255E+00  0.1551E+00  0.1186E-04   0.00
   70.00  0.3699E+00  0.2192E+00  0.1507E+00  0.1073E-04   0.00
   70.10  0.3595E+00  0.2130E+00  0.1465E+00  0.9710E-05   0.00
   70.20  0.3494E+00  0.2070E+00  0.1424E+00  0.8787E-05   0.00
   70.30  0.3395E+00  0.2012E+00  0.1384E+00  0.7952E-05   0.00
   70.40  0.3300E+00  0.1955E+00  0.1345E+00  0.7193E-05   0.00
   70.50  0.3207E+00  0.1900E+00  0.1307E+00  0.6510E-05   0.00
   70.60  0.3116E+00  0.1846E+00  0.1270E+00  0.5890E-05   0.00
   70.70  0.3029E+00  0.1795E+00  0.1234E+00  0.5331E-05   0.00
   70.80  0.2943E+00  0.1744E+00  0.1199E+00  0.4824E-05   0.00
   70.90  0.2860E+00  0.1695E+00  0.1166E+00  0.4365E-05   0.00
   71.00  0.2780E+00  0.1647E+00  0.1133E+00  0.3947E-05   0.00
   71.10  0.2702E+00  0.1601E+00  0.1101E+00  0.3571E-05   0.00
   71.20  0.2625E+00  0.1556E+00  0.1070E+00  0.3232E-05   0.00
   71.30  0.2551E+00  0.1512E+00  0.1040E+00  0.2924E-05   0.00
   71.40  0.2480E+00  0.1469E+00  0.1010E+00  0.2646E-05   0.00
   71.50  0.2410E+00  0.1428E+00  0.9820E-01  0.2395E-05   0.00
   71.60  0.2342E+00  0.1388E+00  0.9543E-01  0.2167E-05   0.00
   71.70  0.2276E+00  0.1348E+00  0.9274E-01  0.1961E-05   0.00
   71.80  0.2212E+00  0.1310E+00  0.9013E-01  0.1774E-05   0.00
   71.90  0.2149E+00  0.1274E+00  0.8759E-01  0.1605E-05   0.00
   72.00  0.2089E+00  0.1238E+00  0.8512E-01  0.1453E-05   0.00
   72.10  0.2030E+00  0.1203E+00  0.8273E-01  0.1314E-05   0.00
   72.20  0.1973E+00  0.1169E+00  0.8040E-01  0.1189E-05   0.00
   72.30  0.1917E+00  0.1136E+00  0.7813E-01  0.1076E-05   0.00
   72.40  0.1863E+00  0.1104E+00  0.7593E-01  0.9736E-06   0.00
   72.50  0.1811E+00  0.1073E+00  0.7379E-01  0.8810E-06   0.00
   72.60  0.1760E+00  0.1043E+00  0.7171E-01  0.7972E-06   0.00
   72.70  0.1710E+00  0.1013E+00  0.6969E-01  0.7214E-06   0.00
   72.80  0.1662E+00  0.9848E-01  0.6773E-01  0.6527E-06   0.00
   72.90  0.1615E+00  0.9571E-01  0.6582E-01  0.5906E-06   0.00
   73.00  0.1570E+00  0.9301E-01  0.6397E-01  0.5344E-06   0.00
   73.10  0.1526E+00  0.9039E-01  0.6217E-01  0.4835E-06   0.00
   73.20  0.1483E+00  0.8784E-01  0.6042E-01  0.4375E-06   0.00
   73.30  0.1441E+00  0.8537E-01  0.5871E-01  0.3959E-06   0.00
   73.40  0.1400E+00  0.8296E-01  0.5706E-01  0.3582E-06   0.00
   73.50  0.1361E+00  0.8063E-01  0.5545E-01  0.3241E-06   0.00
   73.60  0.1322E+00  0.7836E-01  0.5389E-01  0.2933E-06   0.00
   73.70  0.1285E+00  0.7615E-01  0.5237E-01  0.2654E-06   0.00
   73.80  0.1249E+00  0.7400E-01  0.5090E-01  0.2401E-06   0.00
   73.90  0.1214E+00  0.7192E-01  0.4946E-01  0.2173E-06   0.00
   74.00  0.1180E+00  0.6990E-01  0.4807E-01  0.1965E-06   0.00
   74.10  0.1146E+00  0.6792E-01  0.4672E-01  0.1779E-06   0.00
   74.20  0.1114E+00  0.6601E-01  0.4540E-01  0.1610E-06   0.00
   74.30  0.1083E+00  0.6416E-01  0.4412E-01  0.1456E-06   0.00
   74.40  0.1052E+00  0.6235E-01  0.4288E-01  0.1317E-06   0.00
   74.50  0.1023E+00  0.6059E-01  0.4167E-01  0.1192E-06   0.00
   74.60  0.9938E-01  0.5888E-01  0.4050E-01  0.1079E-06   0.00
   74.70  0.9658E-01  0.5722E-01  0.3936E-01  0.9764E-07   0.00
   74.80  0.9386E-01  0.5561E-01  0.3825E-01  0.8833E-07   0.00
   74.90  0.9122E-01  0.5405E-01  0.3717E-01  0.7993E-07   0.00
   75.00  0.8865E-01  0.5252E-01  0.3612E-01  0.7232E-07   0.00
   75.10  0.8615E-01  0.5104E-01  0.3511E-01  0.6544E-07   0.00
   75.20  0.8372E-01  0.4961E-01  0.3412E-01  0.5921E-07   0.00
   75.30  0.8137E-01  0.4821E-01  0.3316E-01  0.5358E-07   0.00
   75.40  0.7908E-01  0.4685E-01  0.3222E-01  0.4848E-07   0.00
   75.50  0.7685E-01  0.4553E-01  0.3132E-01  0.4386E-07   0.00
   75.60  0.7468E-01  0.4425E-01  0.3043E-01  0.3969E-07   0.00
   75.70  0.7258E-01  0.4300E-01  0.2958E-01  0.3591E-07   0.00
   75.80  0.7053E-01  0.4179E-01  0.2874E-01  0.3250E-07   0.00
   75.90  0.6855E-01  0.4061E-01  0.2793E-01  0.2941E-07   0.00
   76.00  0.6662E-01  0.3947E-01  0.2715E-01  0.2661E-07   0.00
   76.10  0.6474E-01  0.3836E-01  0.2638E-01  0.2407E-07   0.00
   76.20  0.6292E-01  0.3728E-01  0.2564E-01  0.2178E-07   0.00
   76.30  0.6115E-01  0.3623E-01  0.2492E-01  0.1971E-07   0.00
   76.40  0.5942E-01  0.3521E-01  0.2421E-01  0.1783E-07   0.00
   76.50  0.5775E-01  0.3422E-01  0.2353E-01  0.1614E-07   0.00
   76.60  0.5612E-01  0.3325E-01  0.2287E-01  0.1460E-07   0.00
   76.70  0.5454E-01  0.3232E-01  0.2223E-01  0.1321E-07   0.00
   76.80  0.5301E-01  0.3141E-01  0.2160E-01  0.1195E-07   0.00
   76.90  0.5151E-01  0.3052E-01  0.2099E-01  0.1082E-07   0.00
   77.00  0.5006E-01  0.2966E-01  0.2040E-01  0.9787E-08   0.00
   77.10  0.4865E-01  0.2883E-01  0.1983E-01  0.8855E-08   0.00
   77.20  0.4728E-01  0.2801E-01  0.1927E-01  0.8014E-08   0.00
   77.30  0.4595E-01  0.2722E-01  0.1872E-01  0.7251E-08   0.00
   77.40  0.4465E-01  0.2646E-01  0.1820E-01  0.6560E-08   0.00
   77.50  0.4340E-01  0.2571E-01  0.1768E-01  0.5937E-08   0.00
   77.60  0.4217E-01  0.2499E-01  0.1719E-01  0.5373E-08   0.00
   77.70  0.4099E-01  0.2428E-01  0.1670E-01  0.4861E-08   0.00
   77.80  0.3983E-01  0.2360E-01  0.1623E-01  0.4398E-08   0.00
   77.90  0.3871E-01  0.2294E-01  0.1577E-01  0.3979E-08   0.00
   78.00  0.3762E-01  0.2229E-01  0.1533E-01  0.3601E-08   0.00
   78.10  0.3656E-01  0.2166E-01  0.1490E-01  0.3258E-08   0.00
   78.20  0.3553E-01  0.2105E-01  0.1448E-01  0.2948E-08   0.00
   78.30  0.3453E-01  0.2046E-01  0.1407E-01  0.2667E-08   0.00
   78.40  0.3356E-01  0.1988E-01  0.1367E-01  0.2414E-08   0.00
   78.50  0.3261E-01  0.1932E-01  0.1329E-01  0.2184E-08   0.00
   78.60  0.3169E-01  0.1878E-01  0.1292E-01  0.1976E-08   0.00
   78.70  0.3080E-01  0.1825E-01  0.1255E-01  0.1788E-08   0.00
   78.80  0.2993E-01  0.1774E-01  0.1220E-01  0.1618E-08   0.00
   78.90  0.2909E-01  0.1724E-01  0.1185E-01  0.1464E-08   0.00
   79.00  0.2827E-01  0.1675E-01  0.1152E-01  0.1325E-08   0.00
   79.10  0.2747E-01  0.1628E-01  0.1120E-01  0.1199E-08   0.00
   79.20  0.2670E-01  0.1582E-01  0.1088E-01  0.1085E-08   0.00
   79.30  0.2595E-01  0.1537E-01  0.1057E-01  0.9814E-09   0.00
   79.40  0.2522E-01  0.1494E-01  0.1028E-01  0.8879E-09   0.00
   79.50  0.2451E-01  0.1452E-01  0.9987E-02  0.8033E-09   0.00
   79.60  0.2382E-01  0.1411E-01  0.9705E-02  0.7269E-09   0.00
   79.70  0.2315E-01  0.1371E-01  0.9432E-02  0.6578E-09   0.00
   79.80  0.2249E-01  0.1333E-01  0.9166E-02  0.5952E-09   0.00
   79.90  0.2186E-01  0.1295E-01  0.8908E-02  0.5387E-09   0.00
   80.00  0.2125E-01  0.1259E-01  0.8657E-02  0.4874E-09   0.00
   80.10  0.2065E-01  0.1223E-01  0.8414E-02  0.4410E-09   0.00
   80.20  0.2007E-01  0.1189E-01  0.8176E-02  0.3989E-09   0.00
   80.30  0.1950E-01  0.1155E-01  0.7946E-02  0.3609E-09   0.00
   80.40  0.1895E-01  0.1123E-01  0.7723E-02  0.3267E-09   0.00
   80.50  0.1842E-01  0.1091E-01  0.7505E-02  0.2956E-09   0.00
   80.60  0.1790E-01  0.1060E-01  0.7293E-02  0.2674E-09   0.00
   80.70  0.1739E-01  0.1031E-01  0.7088E-02  0.2420E-09   0.00
   80.80  0.1690E-01  0.1002E-01  0.6888E-02  0.2189E-09   0.00
   80.90  0.1643E-01  0.9734E-02  0.6694E-02  0.1981E-09   0.00
   81.00  0.1596E-01  0.9459E-02  0.6506E-02  0.1793E-09   0.00
   81.10  0.1552E-01  0.9193E-02  0.6323E-02  0.1623E-09   0.00
   81.20  0.1508E-01  0.8934E-02  0.6145E-02  0.1468E-09   0.00
   81.30  0.1465E-01  0.8682E-02  0.5972E-02  0.1328E-09   0.00
   81.40  0.1424E-01  0.8438E-02  0.5803E-02  0.1202E-09   0.00
   81.50  0.1384E-01  0.8200E-02  0.5640E-02  0.1087E-09   0.00
   81.60  0.1345E-01  0.7969E-02  0.5481E-02  0.9839E-10   0.00
   81.70  0.1307E-01  0.7745E-02  0.5326E-02  0.8903E-10   0.00
   81.80  0.1270E-01  0.7527E-02  0.5176E-02  0.8056E-10   0.00
   81.90  0.1235E-01  0.7314E-02  0.5031E-02  0.7288E-10   0.00
   82.00  0.1200E-01  0.7109E-02  0.4889E-02  0.6595E-10   0.00
   82.10  0.1166E-01  0.6909E-02  0.4751E-02  0.5968E-10   0.00
   82.20  0.1133E-01  0.6714E-02  0.4617E-02  0.5400E-10   0.00
   82.30  0.1101E-01  0.6525E-02  0.4487E-02  0.4886E-10   0.00
   82.40  0.1070E-01  0.6341E-02  0.4361E-02  0.4421E-10   0.00
   82.50  0.1040E-01  0.6162E-02  0.4238E-02  0.4000E-10   0.00
   82.60  0.1011E-01  0.5989E-02  0.4119E-02  0.3620E-10   0.00
   82.70  0.9823E-02  0.5820E-02  0.4003E-02  0.3275E-10   0.00
   82.80  0.9546E-02  0.5656E-02  0.3890E-02  0.2963E-10   0.00
   82.90  0.9277E-02  0.5497E-02  0.3780E-02  0.2681E-10   0.00
   83.00  0.9016E-02  0.5342E-02  0.3674E-02  0.2426E-10   0.00
   83.10  0.8762E-02  0.5191E-02  0.3571E-02  0.2196E-10   0.00
   83.20  0.8515E-02  0.5045E-02  0.3470E-02  0.1987E-10   0.00
   83.30  0.8275E-02  0.4903E-02  0.3372E-02  0.1797E-10   0.00
   83.40  0.8042E-02  0.4765E-02  0.3277E-02  0.1626E-10   0.00
   83.50  0.7816E-02  0.4631E-02  0.3185E-02  0.1472E-10   0.00
   83.60  0.7596E-02  0.4500E-02  0.3095E-02  0.1332E-10   0.00
   83.70  0.7382E-02  0.4374E-02  0.3008E-02  0.1205E-10   0.00
   83.80  0.7174E-02  0.4250E-02  0.2923E-02  0.1090E-10   0.00
   83.90  0.6972E-02  0.4131E-02  0.2841E-02  0.9865E-11   0.00
   84.00  0.6775E-02  0.4014E-02  0.2761E-02  0.8923E-11   0.00
   84.10  0.6584E-02  0.3901E-02  0.2683E-02  0.8079E-11   0.00
   84.20  0.6399E-02  0.3791E-02  0.2608E-02  0.7308E-11   0.00
   84.30  0.6219E-02  0.3685E-02  0.2534E-02  0.6611E-11   0.00
   84.40  0.6044E-02  0.3581E-02  0.2463E-02  0.5984E-11   0.00
   84.50  0.5873E-02  0.3480E-02  0.2393E-02  0.5414E-11   0.00
   84.60  0.5708E-02  0.3382E-02  0.2326E-02  0.4899E-11   0.00
   84.70  0.5547E-02  0.3287E-02  0.2260E-02  0.4433E-11   0.00
   84.80  0.5391E-02  0.3194E-02  0.2197E-02  0.4011E-11   0.00
   84.90  0.5239E-02  0.3104E-02  0.2135E-02  0.3629E-11   0.00
   85.00  0.5092E-02  0.3017E-02  0.2075E-02  0.3284E-11   0.00
   85.10  0.4948E-02  0.2932E-02  0.2016E-02  0.2971E-11   0.00
   85.20  0.4809E-02  0.2849E-02  0.1960E-02  0.2689E-11   0.00
   85.30  0.4673E-02  0.2769E-02  0.1904E-02  0.2433E-11   0.00
   85.40  0.4542E-02  0.2691E-02  0.1851E-02  0.2201E-11   0.00
   85.50  0.4414E-02  0.2615E-02  0.1799E-02  0.1992E-11   0.00
   85.60  0.4289E-02  0.2541E-02  0.1748E-02  0.1802E-11   0.00
   85.70  0.4169E-02  0.2470E-02  0.1699E-02  0.1631E-11   0.00
   85.80  0.4051E-02  0.2400E-02  0.1651E-02  0.1475E-11   0.00
   85.90  0.3937E-02  0.2333E-02  0.1604E-02  0.1335E-11   0.00
   86.00  0.3826E-02  0.2267E-02  0.1559E-02  0.1208E-11   0.00
   86.10  0.3718E-02  0.2203E-02  0.1515E-02  0.1093E-11   0.00
   86.20  0.3614E-02  0.2141E-02  0.1473E-02  0.9891E-12   0.00
   86.30  0.3512E-02  0.2081E-02  0.1431E-02  0.8948E-12   0.00
   86.40  0.3413E-02  0.2022E-02  0.1391E-02  0.8099E-12   0.00
   86.50  0.3317E-02  0.1965E-02  0.1352E-02  0.7327E-12   0.00
   86.60  0.3223E-02  0.1910E-02  0.1314E-02  0.6631E-12   0.00
   86.70  0.3133E-02  0.1856E-02  0.1277E-02  0.5999E-12   0.00
   86.80  0.3044E-02  0.1804E-02  0.1241E-02  0.5428E-12   0.00
   86.90  0.2959E-02  0.1753E-02  0.1206E-02  0.4911E-12   0.00
   87.00  0.2875E-02  0.1704E-02  0.1172E-02  0.4445E-12   0.00
   87.10  0.2794E-02  0.1656E-02  0.1139E-02  0.4021E-12   0.00
   87.20  0.2716E-02  0.1609E-02  0.1107E-02  0.3639E-12   0.00
   87.30  0.2639E-02  0.1564E-02  0.1075E-02  0.3294E-12   0.00
   87.40  0.2565E-02  0.1520E-02  0.1045E-02  0.2980E-12   0.00
   87.50  0.2493E-02  0.1477E-02  0.1016E-02  0.2694E-12   0.00
   87.60  0.2422E-02  0.1435E-02  0.9871E-03  0.2439E-12   0.00
   87.70  0.2354E-02  0.1395E-02  0.9593E-03  0.2207E-12   0.00
   87.80  0.2288E-02  0.1356E-02  0.9323E-03  0.1997E-12   0.00
   87.90  0.2223E-02  0.1317E-02  0.9060E-03  0.1807E-12   0.00
   88.00  0.2161E-02  0.1280E-02  0.8805E-03  0.1635E-12   0.00
   88.10  0.2100E-02  0.1244E-02  0.8557E-03  0.1479E-12   0.00
   88.20  0.2041E-02  0.1209E-02  0.8316E-03  0.1339E-12   0.00
   88.30  0.1983E-02  0.1175E-02  0.8082E-03  0.1211E-12   0.00
   88.40  0.1927E-02  0.1142E-02  0.7854E-03  0.1096E-12   0.00
   88.50  0.1873E-02  0.1110E-02  0.7633E-03  0.9916E-13   0.00
   88.60  0.1820E-02  0.1079E-02  0.7418E-03  0.8972E-13   0.00
   88.70  0.1769E-02  0.1048E-02  0.7209E-03  0.8120E-13   0.00
   88.80  0.1719E-02  0.1019E-02  0.7006E-03  0.7346E-13   0.00
   88.90  0.1671E-02  0.9899E-03  0.6809E-03  0.6648E-13   0.00
   89.00  0.1624E-02  0.9620E-03  0.6617E-03  0.6014E-13   0.00
   89.10  0.1578E-02  0.9350E-03  0.6430E-03  0.5443E-13   0.00
   89.20  0.1534E-02  0.9087E-03  0.6249E-03  0.4924E-13   0.00
   89.30  0.1490E-02  0.8831E-03  0.6073E-03  0.4456E-13   0.00
   89.40  0.1448E-02  0.8582E-03  0.5902E-03  0.4032E-13   0.00
   89.50  0.1408E-02  0.8340E-03  0.5736E-03  0.3648E-13   0.00
   89.60  0.1368E-02  0.8105E-03  0.5574E-03  0.3301E-13   0.00
   89.70  0.1329E-02  0.7877E-03  0.5417E-03  0.2987E-13   0.00
   89.80  0.1292E-02  0.7655E-03  0.5265E-03  0.2703E-13   0.00
   89.90  0.1256E-02  0.7439E-03  0.5117E-03  0.2446E-13   0.00
   90.00  0.1220E-02  0.7230E-03  0.4972E-03  0.2212E-13   0.00
   90.10  0.1186E-02  0.7026E-03  0.4832E-03  0.2002E-13   0.00
   90.20  0.1152E-02  0.6828E-03  0.4696E-03  0.1812E-13   0.00
   90.30  0.1120E-02  0.6636E-03  0.4564E-03  0.1640E-13   0.00
   90.40  0.1088E-02  0.6449E-03  0.4435E-03  0.1483E-13   0.00
   90.50  0.1058E-02  0.6267E-03  0.4311E-03  0.1342E-13   0.00
   90.60  0.1028E-02  0.6091E-03  0.4189E-03  0.1214E-13   0.00
   90.70  0.9990E-03  0.5919E-03  0.4071E-03  0.1099E-13   0.00
   90.80  0.9709E-03  0.5753E-03  0.3956E-03  0.9942E-14   0.00
   90.90  0.9435E-03  0.5590E-03  0.3845E-03  0.8997E-14   0.00
   91.00  0.9170E-03  0.5433E-03  0.3737E-03  0.8141E-14   0.00
   91.10  0.8911E-03  0.5280E-03  0.3631E-03  0.7366E-14   0.00
   91.20  0.8660E-03  0.5131E-03  0.3529E-03  0.6665E-14   0.00
   91.30  0.8416E-03  0.4987E-03  0.3430E-03  0.6030E-14   0.00
   91.40  0.8179E-03  0.4846E-03  0.3333E-03  0.5456E-14   0.00
   91.50  0.7949E-03  0.4710E-03  0.3239E-03  0.4938E-14   0.00
   91.60  0.7725E-03  0.4577E-03  0.3148E-03  0.4467E-14   0.00
   91.70  0.7508E-03  0.4448E-03  0.3059E-03  0.4043E-14   0.00
   91.80  0.7296E-03  0.4323E-03  0.2973E-03  0.3657E-14   0.00
   91.90  0.7090E-03  0.4201E-03  0.2889E-03  0.3310E-14   0.00
   92.00  0.6891E-03  0.4083E-03  0.2808E-03  0.2995E-14   0.00
   92.10  0.6697E-03  0.3968E-03  0.2729E-03  0.2709E-14   0.00
   92.20  0.6508E-03  0.3856E-03  0.2652E-03  0.2452E-14   0.00
   92.30  0.6325E-03  0.3747E-03  0.2577E-03  0.2219E-14   0.00
   92.40  0.6147E-03  0.3642E-03  0.2505E-03  0.2007E-14   0.00
   92.50  0.5974E-03  0.3539E-03  0.2434E-03  0.1817E-14   0.00
   92.60  0.5805E-03  0.3440E-03  0.2366E-03  0.1643E-14   0.00
   92.70  0.5642E-03  0.3343E-03  0.2299E-03  0.1487E-14   0.00
   92.80  0.5483E-03  0.3249E-03  0.2234E-03  0.1345E-14   0.00
   92.90  0.5328E-03  0.3157E-03  0.2171E-03  0.1218E-14   0.00
   93.00  0.5178E-03  0.3068E-03  0.2110E-03  0.1102E-14   0.00
   93.10  0.5032E-03  0.2982E-03  0.2051E-03  0.9969E-15   0.00
   93.20  0.4891E-03  0.2898E-03  0.1993E-03  0.9018E-15   0.00
   93.30  0.4753E-03  0.2816E-03  0.1937E-03  0.8161E-15   0.00
   93.40  0.4619E-03  0.2737E-03  0.1882E-03  0.7386E-15   0.00
   93.50  0.4489E-03  0.2660E-03  0.1829E-03  0.6684E-15   0.00
   93.60  0.4363E-03  0.2585E-03  0.1778E-03  0.6046E-15   0.00
   93.70  0.4240E-03  0.2512E-03  0.1728E-03  0.5469E-15   0.00
   93.80  0.4120E-03  0.2441E-03  0.1679E-03  0.4952E-15   0.00
   93.90  0.4004E-03  0.2372E-03  0.1632E-03  0.4481E-15   0.00
   94.00  0.3891E-03  0.2306E-03  0.1586E-03  0.4055E-15   0.00
   94.10  0.3782E-03  0.2241E-03  0.1541E-03  0.3668E-15   0.00
   94.20  0.3675E-03  0.2178E-03  0.1498E-03  0.3318E-15   0.00
   94.30  0.3572E-03  0.2116E-03  0.1456E-03  0.3003E-15   0.00
   94.40  0.3471E-03  0.2057E-03  0.1415E-03  0.2717E-15   0.00
   94.50  0.3373E-03  0.1999E-03  0.1375E-03  0.2459E-15   0.00
   94.60  0.3278E-03  0.1942E-03  0.1336E-03  0.2224E-15   0.00
   94.70  0.3186E-03  0.1888E-03  0.1298E-03  0.2013E-15   0.00
   94.80  0.3096E-03  0.1835E-03  0.1262E-03  0.1821E-15   0.00
   94.90  0.3009E-03  0.1783E-03  0.1226E-03  0.1648E-15   0.00
   95.00  0.2924E-03  0.1733E-03  0.1192E-03  0.1491E-15   0.00
   95.10  0.2842E-03  0.1684E-03  0.1158E-03  0.1349E-15   0.00
   95.20  0.2762E-03  0.1636E-03  0.1125E-03  0.1221E-15   0.00
   95.30  0.2684E-03  0.1590E-03  0.1094E-03  0.1105E-15   0.00
   95.40  0.2609E-03  0.1546E-03  0.1063E-03  0.9996E-16   0.00
   95.50  0.2535E-03  0.1502E-03  0.1033E-03  0.9045E-16   0.00
   95.60  0.2464E-03  0.1460E-03  0.1004E-03  0.8184E-16   0.00
   95.70  0.2394E-03  0.1419E-03  0.9756E-04  0.7405E-16   0.00
   95.80  0.2327E-03  0.1379E-03  0.9482E-04  0.6699E-16   0.00
   95.90  0.2261E-03  0.1340E-03  0.9215E-04  0.6063E-16   0.00
   96.00  0.2198E-03  0.1302E-03  0.8955E-04  0.5485E-16   0.00
   96.10  0.2136E-03  0.1265E-03  0.8703E-04  0.4963E-16   0.00
   96.20  0.2075E-03  0.1230E-03  0.8458E-04  0.4491E-16   0.00
   96.30  0.2017E-03  0.1195E-03  0.8220E-04  0.4064E-16   0.00
   96.40  0.1960E-03  0.1161E-03  0.7988E-04  0.3677E-16   0.00
   96.50  0.1905E-03  0.1129E-03  0.7763E-04  0.3328E-16   0.00
   96.60  0.1851E-03  0.1097E-03  0.7544E-04  0.3010E-16   0.00
   96.70  0.1799E-03  0.1066E-03  0.7332E-04  0.2724E-16   0.00
   96.80  0.1749E-03  0.1036E-03  0.7125E-04  0.2465E-16   0.00
   96.90  0.1699E-03  0.1007E-03  0.6925E-04  0.2229E-16   0.00
   97.00  0.1651E-03  0.9785E-04  0.6729E-04  0.2018E-16   0.00
   97.10  0.1605E-03  0.9509E-04  0.6540E-04  0.1826E-16   0.00
   97.20  0.1560E-03  0.9241E-04  0.6356E-04  0.1652E-16   0.00
   97.30  0.1516E-03  0.8981E-04  0.6177E-04  0.1495E-16   0.00
   97.40  0.1473E-03  0.8728E-04  0.6003E-04  0.1353E-16   0.00
   97.50  0.1432E-03  0.8482E-04  0.5834E-04  0.1224E-16   0.00
   97.60  0.1391E-03  0.8243E-04  0.5670E-04  0.1108E-16   0.00
   97.70  0.1352E-03  0.8011E-04  0.5510E-04  0.1002E-16   0.00
   97.80  0.1314E-03  0.7785E-04  0.5355E-04  0.9068E-17   0.00
   97.90  0.1277E-03  0.7566E-04  0.5204E-04  0.8205E-17   0.00
   98.00  0.1241E-03  0.7353E-04  0.5057E-04  0.7424E-17   0.00
   98.10  0.1206E-03  0.7146E-04  0.4915E-04  0.6718E-17   0.00
   98.20  0.1172E-03  0.6945E-04  0.4776E-04  0.6079E-17   0.00
   98.30  0.1139E-03  0.6749E-04  0.4642E-04  0.5500E-17   0.00
   98.40  0.1107E-03  0.6559E-04  0.4511E-04  0.4977E-17   0.00
   98.50  0.1076E-03  0.6374E-04  0.4384E-04  0.4503E-17   0.00
   98.60  0.1046E-03  0.6195E-04  0.4260E-04  0.4074E-17   0.00
   98.70  0.1016E-03  0.6020E-04  0.4141E-04  0.3686E-17   0.00
   98.80  0.9874E-04  0.5851E-04  0.4024E-04  0.3336E-17   0.00
   98.90  0.9596E-04  0.5686E-04  0.3910E-04  0.3018E-17   0.00
   99.00  0.9326E-04  0.5526E-04  0.3800E-04  0.2732E-17   0.00
   99.10  0.9063E-04  0.5370E-04  0.3693E-04  0.2472E-17   0.00
   99.20  0.8808E-04  0.5219E-04  0.3589E-04  0.2236E-17   0.00
   99.30  0.8560E-04  0.5072E-04  0.3488E-04  0.2024E-17   0.00
   99.40  0.8319E-04  0.4929E-04  0.3390E-04  0.1831E-17   0.00
   99.50  0.8084E-04  0.4790E-04  0.3294E-04  0.1657E-17   0.00
   99.60  0.7857E-04  0.4655E-04  0.3202E-04  0.1499E-17   0.00
   99.70  0.7635E-04  0.4524E-04  0.3111E-04  0.1356E-17   0.00
   99.80  0.7420E-04  0.4397E-04  0.3024E-04  0.1227E-17   0.00
   99.90  0.7211E-04  0.4273E-04  0.2939E-04  0.1111E-17   0.00
  100.00  0.7008E-04  0.4152E-04  0.2856E-04  0.1005E-17   0.00
