   120.50000     0.00281
   121.50000     6.08540
   122.50000     0.09515
   123.50000     0.03396
   124.50000     0.01365
   125.50000     0.02448
   126.50000     0.03730
   127.50000     0.02046
   128.50000     0.01715
   129.50000     0.02064
   130.50000     0.17814
   131.50000     0.03282
   132.50000     0.01966
   133.50000     0.26212
   134.50000     0.01825
   135.50000     0.04166
   136.50000     0.03066
   137.50000     0.02997
   138.50000     0.02968
   139.50000     0.07748
   140.50000     0.06417
   141.50000     0.04500
   142.50000     0.05029
   143.50000     0.05264
   144.50000     0.05351
   145.50000     0.05768
   146.50000     0.06531
   147.50000     0.09110
   148.50000     0.08580
   149.50000     0.07842
   150.50000     0.08764
   151.50000     0.09610
   152.50000     0.11354
   153.50000     0.12870
   154.50000     0.13725
   155.50000     0.25830
   156.50000     0.22430
   157.50000     0.19750
   158.50000     0.16800
   159.50000     0.18280
   160.50000     0.18162
   161.50000     0.20284
   162.50000     0.22978
   163.50000     0.25040
   164.50000     0.27942
   165.50000     0.43293
   166.50000     0.34130
   167.50000     0.35827
   168.50000     0.39287
   169.50000     0.52260
   170.50000     0.61750
   171.50000     0.61748
   172.50000     0.66509
   173.50000     0.70011
   174.50000     0.80818
   175.50000     0.99930
   176.50000     1.11592
   177.50000     1.33087
   178.50000     1.48127
   179.50000     1.50117
   180.50000     1.98283
   181.50000     2.34722
   182.50000     2.30107
   183.50000     2.41899
   184.50000     2.18988
   185.50000     2.48080
   186.50000     2.75804
   187.50000     3.09679
   188.50000     3.22712
   189.50000     3.74718
   190.50000     3.80254
   191.50000     4.08837
   192.50000     4.48801
   193.50000     2.77125
   194.50000     5.62163
   195.50000     5.41960
   196.50000     6.00894
   197.50000     6.20777
   198.50000     6.20050
   199.50000     6.72130
   200.50000     7.02745
   201.50000     7.90174
   202.50000     7.74870
   203.50000     9.21118
   204.50000     9.80606
   205.50000    10.26540
   206.50000    10.26479
   207.50000    11.92964
   208.50000    12.92969
   209.50000    18.00605
   210.50000    27.85806
   211.50000    28.15916
   212.50000    30.39376
   213.50000    32.91837
   214.50000    36.40930
   215.50000    36.26876
   216.50000    31.63876
   217.50000    32.46347
   218.50000    39.61564
   219.50000    42.40459
   220.50000    50.70325
   221.50000    34.04147
   222.50000    42.22592
   223.50000    59.59157
   224.50000    57.22928
   225.50000    46.88400
   226.50000    41.25103
   227.50000    35.30424
   228.50000    47.69356
   229.50000    44.45808
   230.50000    43.21247
   231.50000    50.57454
   232.50000    44.29857
   233.50000    44.26665
   234.50000    34.53022
   235.50000    47.58756
   236.50000    40.95070
   237.50000    44.18832
   238.50000    39.12611
   239.50000    39.73492
   240.50000    37.10204
   241.50000    40.82588
   242.50000    63.55148
   243.50000    61.40405
   244.50000    57.37774
   245.50000    49.27497
   246.50000    48.14414
   247.50000    51.58641
   248.50000    47.63055
   249.50000    43.96120
   250.50000    58.32060
   251.50000    51.02526
   252.50000    33.77105
   253.50000    45.50336
   254.50000    54.45684
   255.50000    69.59757
   256.50000    82.67310
   257.50000   114.36946
   258.50000   111.83701
   259.50000   130.41623
   260.50000    76.96423
   261.50000    81.05405
   262.50000    99.69941
   263.50000   117.08323
   264.50000   218.21111
   265.50000   268.25485
   266.50000   218.59967
   267.50000   256.32404
   268.50000   240.72627
   269.50000   209.27779
   270.50000   257.02005
   271.50000   267.47485
   272.50000   166.17155
   273.50000   226.00345
   274.50000   127.97537
   275.50000   144.54295
   276.50000   234.21959
   277.50000   261.36279
   278.50000   162.19827
   279.50000   142.83429
   280.50000    98.53609
   281.50000   173.62305
   282.50000   263.05701
   283.50000   315.30463
   284.50000   308.18845
   285.50000    91.26366
   286.50000   263.11896
   287.50000   380.34198
   288.50000   287.74994
   289.50000   402.40674
   290.50000   568.28015
   291.50000   569.17084
   292.50000   554.50800
   293.50000   538.00140
   294.50000   539.44269
   295.50000   501.80472
   296.50000   549.62561
   297.50000   459.14236
   298.50000   429.13254
   299.50000   519.22052
   300.50000   438.26096
   301.50000   463.34177
   302.50000   392.18655
   303.50000   679.61432
   304.50000   598.02722
   305.50000   661.85675
   306.50000   531.38843
   307.50000   646.02802
   308.50000   715.78546
   309.50000   538.20148
   310.50000   506.71231
   311.50000   816.68469
   312.50000   603.00696
   313.50000   699.18842
   314.50000   685.12622
   315.50000   762.19788
   316.50000   579.43347
   317.50000   743.63959
   318.50000   592.80334
   319.50000   745.75641
   320.50000   876.07605
   321.50000   774.01276
   322.50000   742.62543
   323.50000   653.35028
   324.50000   861.83917
   325.50000   855.44592
   326.50000  1102.61365
   327.50000  1025.05017
   328.50000   956.57904
   329.50000  1079.51111
   330.50000  1060.75342
   331.50000   941.38232
   332.50000  1102.66516
   333.50000   979.49500
   334.50000  1025.52551
   335.50000   967.40344
   336.50000   777.24237
   337.50000   781.94183
   338.50000   925.51453
   339.50000   890.66956
   340.50000  1015.69318
   341.50000   817.15240
   342.50000   917.88623
   343.50000   940.63629
   344.50000   812.43744
   345.50000  1117.42212
   346.50000  1017.74371
   347.50000   981.15558
   348.50000  1107.58203
   349.50000  1031.62537
   350.50000  1140.84863
   351.50000  1040.65503
   352.50000  1098.01990
   353.50000  1006.82678
   354.50000  1115.16748
   355.50000  1144.47205
   356.50000  1111.30139
   357.50000   715.39771
   358.50000   784.28967
   359.50000   795.58124
   360.50000  1138.54089
   361.50000   901.35352
   362.50000  1001.47961
   363.50000  1062.27881
   364.50000  1081.54529
   365.50000  1027.27332
   366.50000  1379.83154
   367.50000  1220.77856
   368.50000  1202.86584
   369.50000  1192.76489
   370.50000  1266.11670
   371.50000  1090.35303
   372.50000  1187.14832
   373.50000  1183.96899
   374.50000   972.63916
   375.50000   873.28247
   376.50000  1210.79431
   377.50000  1211.44604
   378.50000  1506.30457
   379.50000  1188.15125
   380.50000  1102.31470
   381.50000  1291.50818
   382.50000  1000.35107
   383.50000   733.60352
   384.50000   749.92041
   385.50000  1072.17151
   386.50000   979.67432
   387.50000  1029.00037
   388.50000   985.44684
   389.50000  1119.29260
   390.50000  1334.31885
   391.50000  1422.67578
   392.50000  1284.86975
   393.50000   756.68011
   394.50000   788.80499
   395.50000  1292.68018
   396.50000  1309.86511
   397.50000   590.44342
   398.50000  1445.56372
   399.50000  1742.43298
   400.50000  1681.40430
   401.50000  1717.90991
   402.50000  1800.27039
   403.50000  1693.23853
   404.50000  1795.70618
   405.50000  1647.64270
   406.50000  1633.79773
   407.50000  1638.83118
   408.50000  1720.68677
   409.50000  1870.83203
   410.50000  1546.44922
   411.50000  1795.53479
   412.50000  1907.44678
   413.50000  1744.68762
   414.50000  1759.58887
   415.50000  1853.98328
   416.50000  1873.16467
   417.50000  1788.86816
   418.50000  1779.76086
   419.50000  1810.26941
   420.50000  1568.88293
   421.50000  1875.64136
   422.50000  1835.27319
   423.50000  1599.86328
   424.50000  1757.40894
   425.50000  1708.91931
   426.50000  1718.36169
   427.50000  1710.65320
   428.50000  1691.99390
   429.50000  1564.53064
   430.50000  1298.72205
   431.50000  1252.59448
   432.50000  1835.01758
   433.50000  1732.14270
   434.50000  1581.09607
   435.50000  1776.47192
   436.50000  1951.34033
   437.50000  1968.43469
   438.50000  1761.33398
   439.50000  1735.57385
   440.50000  1893.93542
   441.50000  1880.41699
   442.50000  1841.38269
   443.50000  1902.46057
   444.50000  1904.65967
   445.50000  2002.14221
   446.50000  1774.15906
   447.50000  2027.58643
   448.50000  2039.89099
   449.50000  2058.25781
   450.50000  2081.23657
   451.50000  2235.63745
   452.50000  2081.93799
   453.50000  1960.95496
   454.50000  2052.30151
   455.50000  2063.61646
   456.50000  2110.32056
   457.50000  2156.76050
   458.50000  2059.87036
   459.50000  2068.09888
   460.50000  2036.72266
   461.50000  2116.42725
   462.50000  2079.40356
   463.50000  2088.59009
   464.50000  2088.11621
   465.50000  2045.59473
   466.50000  2117.27075
   467.50000  2004.30420
   468.50000  2122.60474
   469.50000  2113.97021
   470.50000  1960.90247
   471.50000  2012.34009
   472.50000  2084.69336
   473.50000  2029.59082
   474.50000  2072.62476
   475.50000  2157.42871
   476.50000  2098.09448
   477.50000  2111.45117
   478.50000  2197.18823
   479.50000  2086.41064
   480.50000  2137.37964
   481.50000  2108.89648
   482.50000  2140.88574
   483.50000  2128.30176
   484.50000  2062.24316
   485.50000  2067.75244
   486.50000  1670.54639
   487.50000  1876.08594
   488.50000  2033.36169
   489.50000  1911.68652
   490.50000  2139.77686
   491.50000  2010.94507
   492.50000  1938.84119
   493.50000  2069.77246
   494.50000  1996.99426
   495.50000  2109.40674
   496.50000  2078.90112
   497.50000  2015.03162
   498.50000  1968.95386
   499.50000  1969.67139
   500.50000  1953.28699
   501.50000  1914.68176
   502.50000  1894.19775
   503.50000  1986.28955
   504.50000  1858.54993
   505.50000  1992.55493
   506.50000  2126.18701
   507.50000  1974.46252
   508.50000  1887.59155
   509.50000  1976.29724
   510.50000  1946.99414
   511.50000  1967.43518
   512.50000  2048.70435
   513.50000  1887.48718
   514.50000  1864.48254
   515.50000  1895.00720
   516.50000  1983.82605
   517.50000  1480.04114
   518.50000  1795.95178
   519.50000  1707.75793
   520.50000  1899.85791
   521.50000  1889.58984
   522.50000  1949.31287
   523.50000  1856.69690
   524.50000  1959.09753
   525.50000  1947.30286
   526.50000  1856.76489
   527.50000  1675.65112
   528.50000  1950.80615
   529.50000  2004.76770
   530.50000  1894.42542
   531.50000  2051.45557
   532.50000  1962.53882
   533.50000  1741.43079
   534.50000  1862.59167
   535.50000  1903.03882
   536.50000  2008.85583
   537.50000  1898.51428
   538.50000  1966.40759
   539.50000  1949.06384
   540.50000  1925.40540
   541.50000  1776.29626
   542.50000  1946.85986
   543.50000  1880.76929
   544.50000  1964.70728
   545.50000  1938.18750
   546.50000  1899.83789
   547.50000  1959.64087
   548.50000  1825.88330
   549.50000  1916.23535
   550.50000  1869.51318
   551.50000  1868.20374
   552.50000  1923.18811
   553.50000  1855.97644
   554.50000  1926.16809
   555.50000  1929.53418
   556.50000  1885.66699
   557.50000  1841.61865
   558.50000  1891.33875
   559.50000  1795.19006
   560.50000  1803.09302
   561.50000  1974.74426
   562.50000  1835.47363
   563.50000  1898.50806
   564.50000  1862.60291
   565.50000  1903.02917
   566.50000  1745.11072
   567.50000  1832.74280
   568.50000  1900.68213
   569.50000  1847.75720
   570.50000  1848.96545
   571.50000  1777.79358
   572.50000  1898.14380
   573.50000  1910.78992
   574.50000  1907.70679
   575.50000  1863.55688
   576.50000  1828.78430
   577.50000  1904.87073
   578.50000  1840.04370
   579.50000  1815.34570
   580.50000  1885.33118
   581.50000  1850.48230
   582.50000  1870.30164
   583.50000  1881.70251
   584.50000  1869.71570
   585.50000  1860.64429
   586.50000  1781.68933
   587.50000  1851.68005
   588.50000  1851.96802
   589.50000  1680.54846
   590.50000  1745.84900
   591.50000  1833.53271
   592.50000  1808.22290
   593.50000  1804.46899
   594.50000  1826.11401
   595.50000  1804.31921
   596.50000  1823.74951
   597.50000  1833.05273
   598.50000  1797.70508
   599.50000  1797.19849
   600.50000  1785.06897
   601.50000  1765.48633
   602.50000  1756.60376
   603.50000  1758.46069
   604.50000  1808.48767
   605.50000  1804.01794
   606.50000  1782.89294
   607.50000  1778.08569
   608.50000  1768.08508
   609.50000  1746.80249
   610.50000  1725.69141
   611.50000  1740.64832
   612.50000  1720.44116
   613.50000  1697.99377
   614.50000  1651.18994
   615.50000  1716.22559
   616.50000  1641.85608
   617.50000  1637.17395
   618.50000  1704.96204
   619.50000  1699.71558
   620.50000  1718.27600
   621.50000  1738.55627
   622.50000  1667.25134
   623.50000  1677.59448
   624.50000  1664.79370
   625.50000  1618.68152
   626.50000  1634.64417
   627.50000  1677.79626
   628.50000  1681.28674
   629.50000  1699.69788
   630.50000  1643.61609
   631.50000  1666.85852
   632.50000  1556.31689
   633.50000  1681.90271
   634.50000  1624.85156
   635.50000  1640.28430
   636.50000  1569.73230
   637.50000  1652.67944
   638.50000  1660.83838
   639.50000  1654.13806
   640.50000  1607.89539
   641.50000  1625.01489
   642.50000  1594.98975
   643.50000  1630.33862
   644.50000  1602.34631
   645.50000  1621.07117
   646.50000  1574.77698
   647.50000  1601.57959
   648.50000  1609.57703
   649.50000  1631.21936
   650.50000  1514.10400
   651.50000  1611.88843
   652.50000  1599.59790
   653.50000  1607.29260
   654.50000  1598.06396
   655.50000  1575.13257
   656.50000  1368.12915
   657.50000  1471.19495
   658.50000  1571.18677
   659.50000  1559.07727
   660.50000  1568.05017
   661.50000  1557.84070
   662.50000  1583.05701
   663.50000  1568.53613
   664.50000  1544.16638
   665.50000  1542.34302
   666.50000  1562.58655
   667.50000  1535.76746
   668.50000  1541.89087
   669.50000  1558.97009
   670.50000  1537.81836
   671.50000  1528.69385
   672.50000  1517.57825
   673.50000  1529.76367
   674.50000  1529.48352
   675.50000  1508.06909
   676.50000  1528.44702
   677.50000  1498.99121
   678.50000  1520.98157
   679.50000  1503.35547
   680.50000  1491.35571
   681.50000  1493.24658
   682.50000  1492.21826
   683.50000  1500.49670
   684.50000  1474.83630
   685.50000  1490.16528
   686.50000  1438.11389
   687.50000  1495.18213
   688.50000  1470.00940
   689.50000  1481.66638
   690.50000  1476.45679
   691.50000  1469.40332
   692.50000  1446.65540
   693.50000  1449.89148
   694.50000  1467.73938
   695.50000  1442.41565
   696.50000  1451.14758
   697.50000  1448.99390
   698.50000  1422.52319
   699.50000  1450.84534
