LATITUDE VIRA2 0-49 VIRA1 50-100 0 DEG VIRA2 102-148 12:00 (Noon) Seiff1983 FPMills 09/18/2014 
%ALT(km) %TEMP_VIRA2_day (K) %TEMP_20-90_Ls (K) %TEMP_270-310_Ls (K) %PRE_VIRA2_day (mbar) %PRE_20-90_Ls (mbar) %PRE_270-310_Ls (mbar)
      0.00000       735.300       735.300       735.300       92100.0       92100.0       92100.0 
      1.00000       727.700       727.700       727.700       86450.0       86450.0       86450.0 
      2.00000       720.200       720.200       720.200       81090.0       81090.0       81090.0 
      3.00000       712.400       712.400       712.400       76010.0       76010.0       76010.0 
      4.00000       704.600       704.600       704.600       71200.0       71200.0       71200.0 
      5.00000       696.800       696.800       696.800       66650.0       66650.0       66650.0 
      6.00000       688.800       688.800       688.800       62350.0       62350.0       62350.0 
      7.00000       681.100       681.100       681.100       58280.0       58280.0       58280.0 
      8.00000       673.600       673.600       673.600       54440.0       54440.0       54440.0 
      9.00000       665.800       665.800       665.800       50810.0       50810.0       50810.0 
      10.0000       658.200       658.200       658.200       47390.0       47390.0       47390.0 
      11.0000       650.600       650.600       650.600       44160.0       44160.0       44160.0 
      12.0000       643.200       643.200       643.200       41120.0       41120.0       41120.0 
      13.0000       635.500       635.500       635.500       38260.0       38260.0       38260.0 
      14.0000       628.100       628.100       628.100       35570.0       35570.0       35570.0 
      15.0000       620.800       620.800       620.800       33040.0       33040.0       33040.0 
      16.0000       613.300       613.300       613.300       30660.0       30660.0       30660.0 
      17.0000       605.200       605.200       605.200       28430.0       28430.0       28430.0 
      18.0000       597.100       597.100       597.100       26330.0       26330.0       26330.0 
      19.0000       589.300       589.300       589.300       24360.0       24360.0       24360.0 
      20.0000       580.700       580.700       580.700       22520.0       22520.0       22520.0 
      21.0000       572.400       572.400       572.400       20790.0       20790.0       20790.0 
      22.0000       564.300       564.300       564.300       19170.0       19170.0       19170.0 
      23.0000       556.000       556.000       556.000       17660.0       17660.0       17660.0 
      24.0000       547.500       547.500       547.500       16250.0       16250.0       16250.0 
      25.0000       539.200       539.200       539.200       14930.0       14930.0       14930.0 
      26.0000       530.700       530.700       530.700       13700.0       13700.0       13700.0 
      27.0000       522.300       522.300       522.300       12560.0       12560.0       12560.0 
      28.0000       513.800       513.800       513.800       11490.0       11490.0       11490.0 
      29.0000       505.600       505.600       505.600       10500.0       10500.0       10500.0 
      30.0000       496.900       496.900       496.900       9581.00       9581.00       9581.00 
      31.0000       488.300       488.300       488.300       8729.00       8729.00       8729.00 
      32.0000       479.900       479.900       479.900       7940.00       7940.00       7940.00 
      33.0000       471.700       471.700       471.700       7211.00       7211.00       7211.00 
      34.0000       463.400       463.400       463.400       6537.00       6537.00       6537.00 
      35.0000       455.500       455.500       455.500       5917.00       5917.00       5917.00 
      36.0000       448.000       448.000       448.000       5346.00       5346.00       5346.00 
      37.0000       439.900       439.900       439.900       4822.00       4822.00       4822.00 
      38.0000       432.500       432.500       432.500       4342.00       4342.00       4342.00 
      39.0000       425.100       425.100       425.100       3903.00       3903.00       3903.00 
      40.0000       417.600       417.600       417.600       3501.00       3501.00       3501.00 
      41.0000       410.000       410.000       410.000       3135.00       3135.00       3135.00 
      42.0000       403.500       403.500       403.500       2802.00       2802.00       2802.00 
      43.0000       397.100       397.100       397.100       2499.00       2499.00       2499.00 
      44.0000       391.200       391.200       391.200       2226.00       2226.00       2226.00 
      45.0000       385.400       385.400       385.400       1979.00       1979.00       1979.00 
      46.0000       379.700       379.700       379.700       1756.00       1756.00       1756.00 
      47.0000       373.100       373.100       373.100       1556.00       1556.00       1556.00 
      48.0000       366.400       366.400       366.400       1375.00       1375.00       1375.00 
      49.0000       358.600       358.600       358.600       1213.00       1213.00       1213.00 
      50.0000       347.100       347.400       346.800       1061.00       1061.00       1060.00 
      51.0000       336.900       338.000       335.700       929.000       929.300       928.600 
      52.0000       327.500       329.400       325.600       810.300       811.000       809.500 
      53.0000       318.200       320.800       315.600       703.900       705.200       702.600 
      54.0000       308.900       312.100       305.600       609.100       611.000       607.100 
      55.0000       299.500       303.400       295.600       524.700       527.200       522.100 
      56.0000       290.100       294.600       285.600       449.800       453.000       446.600 
      57.0000       280.800       285.800       275.700       383.700       387.400       380.000 
      58.0000       272.100       277.200       267.000       325.700       329.800       321.500 
      59.0000       265.100       270.100       260.000       275.000       279.300       270.600 
      60.0000       259.200       263.700       254.600       231.300       235.700       226.800 
      61.0000       255.100       259.300       250.900       193.800       198.100       189.500 
      62.0000       251.000       254.700       247.200       162.000       166.000       157.900 
      63.0000       247.500       250.800       244.200       135.000       138.700       131.300 
      64.0000       244.200       246.900       241.500       112.300       115.600       108.900 
      65.0000       241.400       243.600       239.100       93.1200       96.0900       90.1500 
      66.0000       238.600       240.400       236.800       77.0900       79.6700       74.5000 
      67.0000       236.000       237.500       234.500       63.6800       65.9000       61.4500 
      68.0000       233.700       234.800       232.500       52.4900       54.3800       50.6000 
      69.0000       231.600       232.600       230.500       43.2000       44.7900       41.6000 
      70.0000       229.700       230.700       228.600       35.4900       36.8300       34.1500 
      71.0000       228.000       229.100       226.900       29.1200       30.2400       27.9900 
      72.0000       226.300       227.500       225.100       23.8500       24.8000       22.9000 
      73.0000       224.500       225.700       223.200       19.5100       20.3100       18.7100 
      74.0000       222.300       223.400       221.100       15.9400       16.6000       15.2700 
      75.0000       219.500       220.300       218.700       12.9900       13.5400       12.4300 
      76.0000       216.900       217.000       216.800       10.5600       11.0100       10.1000 
      77.0000       214.600       213.700       215.500       8.55800       8.92700       8.18900 
      78.0000       212.300       210.300       214.300       6.92500       7.21400       6.63500 
      79.0000       209.500       206.100       212.900       5.58900       5.80900       5.36900 
      80.0000       206.500       201.500       211.400       4.49700       4.65500       4.33900 
      81.0000       203.000       196.500       209.400       3.60700       3.71200       3.50100 
      82.0000       199.000       191.100       206.900       2.88100       2.94200       2.81900 
      83.0000       194.800       185.700       203.800       2.29000       2.31600       2.26300 
      84.0000       190.000       180.800       199.200       1.81100       1.81100       1.81000 
      85.0000       186.200       177.800       194.600       1.42400       1.40800       1.44000 
      86.0000       182.800       176.100       189.400       1.11500       1.09100       1.13900 
      87.0000       179.500       175.100       183.800      0.869500      0.843900      0.895100 
      88.0000       176.300       174.600       177.900      0.675100      0.652100      0.698000 
      89.0000       173.900       175.000       172.700      0.521900      0.503800      0.540000 
      90.0000       171.700       175.100       168.300      0.402100      0.389400      0.414800 
      91.0000       170.100       175.300       164.800      0.308800      0.301100      0.316500 
      92.0000       168.800       175.500       162.100      0.236700      0.232900      0.240400 
      93.0000       167.800       175.400       160.100      0.181000      0.180200      0.181800 
      94.0000       166.800       175.400       158.200      0.138300      0.139400      0.137100 
      95.0000       166.100       175.500       156.600      0.105500      0.107900      0.103000 
      96.0000       167.300       176.700       157.900     0.0804200     0.0835100     0.0773200 
      97.0000       169.100       178.300       159.900     0.0615200     0.0648000     0.0582400 
      98.0000       171.000       179.800       162.200     0.0472300     0.0504100     0.0440400 
      99.0000       173.000       181.200       164.700     0.0363700     0.0392900     0.0334400 
      100.000       175.300       182.700       167.800     0.0281000     0.0306900     0.0255100 
      102.000       173.600       177.400       169.900     0.0157200     0.0164400     0.0149900 
      104.000       172.000       172.000       172.000    0.00881000    0.00881000    0.00881000 
      106.000       173.500       173.500       173.500    0.00527600    0.00527600    0.00527600 
      108.000       175.000       175.000       175.000    0.00316000    0.00316000    0.00316000 
      110.000       177.000       177.000       177.000    0.00191500    0.00191500    0.00191500 
      112.000       179.000       179.000       179.000    0.00116000    0.00116000    0.00116000 
      116.000       184.000       184.000       184.000   0.000441000   0.000441000   0.000441000 
      120.000       190.000       190.000       190.000   0.000173000   0.000173000   0.000173000 
      124.000       196.000       196.000       196.000   7.00000e-05   7.00000e-05   7.00000e-05 
      128.000       204.000       204.000       204.000   2.95000e-05   2.95000e-05   2.95000e-05 
      132.000       212.000       212.000       212.000   1.31000e-05   1.31000e-05   1.31000e-05 
      136.000       220.000       220.000       220.000   6.07000e-06   6.07000e-06   6.07000e-06 
      140.000       230.000       230.000       230.000   2.98000e-06   2.98000e-06   2.98000e-06 
      144.000       240.000       240.000       240.000   1.55000e-06   1.55000e-06   1.55000e-06 
      148.000       250.000       250.000       250.000   8.51000e-07   8.51000e-07   8.51000e-07 
