LATITUDE VIRA2 0-49 VIRA1 50-100 70-80 DEG VIRA2 102-148 0:00 (Midnight) Seiff1983 FPMills 09/18/2014 
%ALT %TEMP_VIRA2_day %TEMP_90-130_Ls %TEMP_200-270_Ls %PRE_VIRA2_day %PRE_90-130_Ls %PRE_200-270_Ls
      0.00000       735.300       735.300       735.300       92100.0       92100.0       92100.0 
      1.00000       727.700       727.700       727.700       86450.0       86450.0       86450.0 
      2.00000       720.200       720.200       720.200       81090.0       81090.0       81090.0 
      3.00000       712.400       712.400       712.400       76010.0       76010.0       76010.0 
      4.00000       704.600       704.600       704.600       71200.0       71200.0       71200.0 
      5.00000       696.800       696.800       696.800       66650.0       66650.0       66650.0 
      6.00000       688.800       688.800       688.800       62350.0       62350.0       62350.0 
      7.00000       681.100       681.100       681.100       58280.0       58280.0       58280.0 
      8.00000       673.600       673.600       673.600       54440.0       54440.0       54440.0 
      9.00000       665.800       665.800       665.800       50810.0       50810.0       50810.0 
      10.0000       658.200       658.200       658.200       47390.0       47390.0       47390.0 
      11.0000       650.600       650.600       650.600       44160.0       44160.0       44160.0 
      12.0000       643.200       643.200       643.200       41120.0       41120.0       41120.0 
      13.0000       635.500       635.500       635.500       38260.0       38260.0       38260.0 
      14.0000       628.100       628.100       628.100       35570.0       35570.0       35570.0 
      15.0000       620.800       620.800       620.800       33040.0       33040.0       33040.0 
      16.0000       613.300       613.300       613.300       30660.0       30660.0       30660.0 
      17.0000       605.200       605.200       605.200       28430.0       28430.0       28430.0 
      18.0000       597.100       597.100       597.100       26330.0       26330.0       26330.0 
      19.0000       589.300       589.300       589.300       24360.0       24360.0       24360.0 
      20.0000       580.700       580.700       580.700       22520.0       22520.0       22520.0 
      21.0000       572.400       572.400       572.400       20790.0       20790.0       20790.0 
      22.0000       564.300       564.300       564.300       19170.0       19170.0       19170.0 
      23.0000       556.000       556.000       556.000       17660.0       17660.0       17660.0 
      24.0000       547.500       547.500       547.500       16250.0       16250.0       16250.0 
      25.0000       539.200       539.200       539.200       14930.0       14930.0       14930.0 
      26.0000       530.700       530.700       530.700       13700.0       13700.0       13700.0 
      27.0000       522.300       522.300       522.300       12560.0       12560.0       12560.0 
      28.0000       513.800       513.800       513.800       11490.0       11490.0       11490.0 
      29.0000       505.600       505.600       505.600       10500.0       10500.0       10500.0 
      30.0000       496.900       496.900       496.900       9581.00       9581.00       9581.00 
      31.0000       488.300       488.300       488.300       8729.00       8729.00       8729.00 
      32.0000       479.900       479.900       479.900       7940.00       7940.00       7940.00 
      33.0000       471.700       471.700       471.700       7211.00       7211.00       7211.00 
      34.0000       463.400       463.400       463.400       6537.00       6537.00       6537.00 
      35.0000       455.500       455.500       455.500       5917.00       5917.00       5917.00 
      36.0000       448.000       448.000       448.000       5346.00       5346.00       5346.00 
      37.0000       439.900       439.900       439.900       4822.00       4822.00       4822.00 
      38.0000       432.500       432.500       432.500       4342.00       4342.00       4342.00 
      39.0000       425.100       425.100       425.100       3903.00       3903.00       3903.00 
      40.0000       417.600       417.600       417.600       3501.00       3501.00       3501.00 
      41.0000       410.000       410.000       410.000       3135.00       3135.00       3135.00 
      42.0000       403.500       403.500       403.500       2802.00       2802.00       2802.00 
      43.0000       397.100       397.100       397.100       2499.00       2499.00       2499.00 
      44.0000       391.200       391.200       391.200       2226.00       2226.00       2226.00 
      45.0000       385.400       385.400       385.400       1979.00       1979.00       1979.00 
      46.0000       379.700       379.700       379.700       1756.00       1756.00       1756.00 
      47.0000       373.100       373.100       373.100       1556.00       1556.00       1556.00 
      48.0000       366.400       366.400       366.400       1375.00       1375.00       1375.00 
      49.0000       358.600       358.600       358.600       1213.00       1213.00       1213.00 
      50.0000       332.200       332.200       332.100       1006.00       1006.00       1005.00 
      51.0000       320.400       320.400       320.400       874.700       875.000       874.400 
      52.0000       308.300       308.100       308.400       757.200       757.400       757.000 
      53.0000       295.600       295.300       295.800       651.600       651.700       651.400 
      54.0000       282.300       281.900       282.700       557.100       557.100       557.000 
      55.0000       268.400       267.900       268.900       472.600       472.500       472.700 
      56.0000       253.800       253.100       254.400       397.400       397.200       397.600 
      57.0000       239.600       238.800       240.300       330.700       330.300       331.100 
      58.0000       236.600       236.600       236.600       273.100       272.700       273.500 
      59.0000       234.400       234.400       234.400       225.200       224.800       225.500 
      60.0000       232.400       232.400       232.400       185.300       185.000       185.600 
      61.0000       231.300       231.200       231.400       152.300       152.100       152.500 
      62.0000       231.200       230.900       231.500       125.100       124.900       125.300 
      63.0000       231.400       230.900       231.800       102.800       102.600       103.000 
      64.0000       232.100       231.600       232.500       84.4500       84.2500       84.6400 
      65.0000       233.300       233.000       233.600       69.4600       69.2700       69.6400 
      66.0000       235.000       234.800       235.100       57.2000       57.0300       57.3600 
      67.0000       236.700       236.500       236.800       47.1700       47.0300       47.3100 
      68.0000       237.600       237.500       237.700       38.9500       38.8300       39.0700 
      69.0000       237.300       237.000       237.500       32.1800       32.0700       32.2800 
      70.0000       235.900       235.400       236.300       26.5700       26.4700       26.6600 
      71.0000       234.300       233.600       234.900       21.9100       21.8200       21.9900 
      72.0000       232.300       231.400       233.100       18.0400       17.9600       18.1200 
      73.0000       230.200       229.100       231.300       14.8400       14.7600       14.9100 
      74.0000       228.100       226.800       229.400       12.1800       12.1000       12.2500 
      75.0000       225.800       224.200       227.300       9.97500       9.90000       10.0500 
      76.0000       223.000       221.500       224.500       8.15400       8.08200       8.22600 
      77.0000       220.200       218.800       221.500       6.65000       6.58200       6.71700 
      78.0000       217.700       216.400       219.000       5.40900       5.34700       5.47100 
      79.0000       215.300       214.200       216.400       4.39100       4.33500       4.44600 
      80.0000       212.600       211.600       213.600       3.55500       3.50600       3.60400 
      81.0000       209.500       208.700       210.300       2.87100       2.82800       2.91300 
      82.0000       206.000       205.400       206.500       2.31100       2.27500       2.34600 
      83.0000       201.800       201.500       202.000       1.85300       1.82300       1.88200 
      84.0000       197.300       197.200       197.400       1.47800       1.45400       1.50100 
      85.0000       192.900       193.000       192.800       1.17300       1.15400       1.19200 
      86.0000       189.200       189.400       189.000      0.926700      0.912000      0.941300 
      87.0000       185.900       186.100       185.600      0.728800      0.717400      0.740100 
      88.0000       183.000       183.200       182.700      0.570800      0.562100      0.579500 
      89.0000       180.400       180.700       180.000      0.445500      0.438900      0.452100 
      90.0000       178.400       178.700       178.000      0.346600      0.341600      0.351500 
      91.0000       176.800       177.000       176.500      0.269000      0.265200      0.272700 
      92.0000       175.200       175.400       174.900      0.208200      0.205400      0.211000 
      93.0000       173.600       173.800       173.400      0.160900      0.158800      0.163000 
      94.0000       172.100       172.300       171.900      0.124000      0.122400      0.125600 
      95.0000       170.800       170.900       170.700     0.0954000     0.0941900     0.0966100 
      96.0000       169.900       169.800       169.900     0.0732700     0.0723400     0.0741900 
      97.0000       168.900       168.700       169.100     0.0561900     0.0554700     0.0569100 
      98.0000       168.100       167.700       168.400     0.0430300     0.0424600     0.0436000 
      99.0000       167.400       167.000       167.800     0.0329200     0.0324600     0.0333800 
      100.000       167.400       166.800       168.000     0.0251700     0.0248000     0.0255400 
      102.000       163.700       163.400       164.000     0.0146100     0.0145000     0.0147200 
      104.000       160.000       160.000       160.000    0.00848000    0.00848000    0.00848000 
      106.000       155.000       155.000       155.000    0.00478500    0.00478500    0.00478500 
      108.000       150.000       150.000       150.000    0.00270000    0.00270000    0.00270000 
      110.000       145.000       145.000       145.000    0.00146500    0.00146500    0.00146500 
      112.000       140.000       140.000       140.000   0.000795000   0.000795000   0.000795000 
      116.000       129.000       129.000       129.000   0.000215000   0.000215000   0.000215000 
      120.000       117.000       117.000       117.000   5.17000e-05   5.17000e-05   5.17000e-05 
      124.000       125.000       125.000       125.000   1.23000e-05   1.23000e-05   1.23000e-05 
      128.000       135.000       135.000       135.000   3.30000e-06   3.30000e-06   3.30000e-06 
      132.000       142.000       142.000       142.000   9.91000e-07   9.91000e-07   9.91000e-07 
      136.000       146.000       146.000       146.000   3.30000e-07   3.30000e-07   3.30000e-07 
      140.000       147.000       147.000       147.000   1.26000e-07   1.26000e-07   1.26000e-07 
      144.000       140.000       140.000       140.000   5.65000e-08   5.65000e-08   5.65000e-08 
      148.000       134.000       134.000       134.000   2.83000e-08   2.83000e-08   2.83000e-08 
