185.00  2.78e-19
186.00  1.88e-19
187.00  1.05e-19
188.00  7.73e-20
189.00  4.39e-20
190.00  3.41e-20
191.00  2.37e-20
192.00  1.97e-20
193.00  1.78e-20
194.00  1.81e-20
195.00  1.92e-20
196.00  2.16e-20
197.00  2.46e-20
198.00  2.85e-20
199.00  3.30e-20
200.00  3.84e-20
201.00  4.55e-20
202.00  5.13e-20
203.00  6.14e-20
204.00  7.02e-20
205.00  7.96e-20
206.00  9.39e-20
207.00  1.05e-19
208.00  1.20e-19
209.00  1.34e-19
210.00  1.50e-19
211.00  1.69e-19
212.00  1.81e-19
213.00  2.02e-19
214.00  2.22e-19
215.00  2.39e-19
216.00  2.61e-19
217.00  2.84e-19
218.00  2.83e-19
219.00  2.94e-19
220.00  3.19e-19
221.00  3.13e-19
222.00  3.15e-19
223.00  3.27e-19
224.00  3.17e-19
225.00  3.12e-19
226.00  3.06e-19
227.00  2.90e-19
228.00  2.78e-19
229.00  2.64e-19
230.00  2.46e-19
231.00  2.21e-19
232.00  2.10e-19
233.00  1.91e-19
234.00  1.69e-19
235.00  1.51e-19
236.00  1.36e-19
237.00  1.21e-19
238.00  1.05e-19
239.00  9.11e-20
240.00  8.00e-20
241.00  7.02e-20
242.00  6.02e-20
243.00  5.12e-20
244.00  4.35e-20
245.00  3.76e-20
246.00  3.18e-20
247.00  2.69e-20
248.00  2.28e-20
249.00  1.92e-20
250.00  1.61e-20
251.00  1.34e-20
252.00  1.11e-20
253.00  9.27e-21
254.00  7.72e-21
255.00  6.42e-21
256.00  5.38e-21
257.00  4.40e-21
258.00  3.65e-21
259.00  2.97e-21
260.00  2.41e-21
261.00  1.97e-21
262.00  1.62e-21
263.00  1.35e-21
264.00  1.13e-21
265.00  9.12e-22
266.00  7.70e-22
267.00  6.38e-22
268.00  5.20e-22
269.00  4.44e-22
270.00  3.69e-22
271.00  2.97e-22
272.00  2.50e-22
273.00  2.22e-22
274.00  1.68e-22
275.00  1.36e-22
276.00  1.25e-22
277.00  1.01e-22
278.00  7.21e-23
279.00  6.31e-23
280.00  6.15e-23
281.00  4.29e-23
282.00  3.18e-23
283.00  3.15e-23
284.00  2.98e-23
285.00  1.81e-23
286.00  1.41e-23
287.00  1.54e-23
288.00  1.28e-23
289.00  7.60e-24
290.00  5.70e-24
291.00  6.20e-24
292.00  6.10e-24
293.00  3.20e-24
294.00  1.90e-24
295.00  2.90e-24
296.00  2.60e-24
297.00  9.00e-25
298.00  9.00e-25
299.00  1.30e-24
300.00  5.00e-25
