#CO2_Inn(1953)_298K_106-175nm.dat
407
106.41  9.81e-18
106.53  1.11e-17
106.69  1.29e-17
106.86  1.49e-17
107.03  1.70e-17
107.25  1.78e-17
107.41  1.55e-17
107.46  1.37e-17
107.52  1.12e-17
107.57  9.08e-18
107.61  8.19e-18
107.71  8.84e-18
107.80  1.07e-17
107.90  1.30e-17
108.00  1.58e-17
108.06  1.72e-17
108.13  1.60e-17
108.19  1.31e-17
108.24  1.06e-17
108.30  8.65e-18
108.42  7.66e-18
108.48  9.40e-18
108.52  1.26e-17
108.56  2.01e-17
108.58  3.12e-17
108.61  4.58e-17
108.63  6.24e-17
108.65  9.10e-17
108.70  1.28e-16
108.81  8.34e-17
108.83  5.12e-17
108.86  3.25e-17
108.89  2.15e-17
108.92  1.45e-17
108.99  1.01e-17
109.10  7.62e-18
109.22  8.80e-18
109.30  6.80e-18
109.40  5.68e-18
109.61  6.12e-18
109.75  7.32e-18
109.87  8.76e-18
109.99  1.06e-17
110.17  1.16e-17
110.39  1.21e-17
110.54  1.40e-17
110.65  1.66e-17
110.73  2.03e-17
110.80  2.47e-17
110.84  2.79e-17
110.90  3.25e-17
110.96  3.63e-17
111.09  3.48e-17
111.28  3.95e-17
111.42  4.68e-17
111.52  5.64e-17
111.60  6.93e-17
111.66  8.73e-17
111.69  1.16e-16
111.77  1.48e-16
111.84  1.62e-16
111.91  1.55e-16
111.99  1.31e-16
112.02  1.08e-16
112.05  8.78e-17
112.13  7.20e-17
112.16  6.72e-17
112.28  6.22e-17
112.39  6.32e-17
112.46  6.82e-17
112.54  8.37e-17
112.62  9.76e-17
112.72  9.93e-17
112.83  9.10e-17
112.90  7.53e-17
112.90  6.35e-17
112.93  5.30e-17
112.96  4.28e-17
112.99  3.57e-17
113.07  2.91e-17
113.17  2.41e-17
113.29  2.01e-17
113.42  1.68e-17
113.56  1.41e-17
113.63  1.17e-17
113.71  8.07e-18
113.83  6.91e-18
113.91  8.34e-18
113.98  1.12e-17
114.06  1.44e-17
114.19  1.80e-17
114.29  1.54e-17
114.32  1.10e-17
114.34  8.31e-18
114.36  6.48e-18
114.42  4.72e-18
114.46  3.81e-18
114.53  3.12e-18
114.61  2.82e-18
114.68  3.01e-18
114.79  3.61e-18
114.97  3.79e-18
115.06  3.06e-18
115.11  2.19e-18
115.17  1.69e-18
115.23  1.27e-18
115.28  8.89e-19
115.33  7.17e-19
115.44  6.19e-19
115.53  8.72e-19
115.58  1.31e-18
115.60  2.11e-18
115.64  3.12e-18
115.75  4.10e-18
115.82  3.12e-18
115.82  2.21e-18
115.82  1.07e-18
115.88  4.90e-19
115.98  4.05e-19
116.10  3.38e-19
116.24  2.87e-19
116.36  2.70e-19
116.44  3.26e-19
116.47  4.36e-19
116.50  5.26e-19
116.54  6.46e-19
116.63  6.35e-19
116.68  5.68e-19
116.72  4.58e-19
116.77  3.48e-19
116.81  2.88e-19
116.86  2.45e-19
116.91  2.10e-19
116.95  1.80e-19
117.01  1.46e-19
117.10  1.21e-19
117.24  1.34e-19
117.27  1.67e-19
117.31  2.18e-19
117.35  2.48e-19
117.53  2.72e-19
117.61  2.25e-19
117.66  1.82e-19
117.69  1.36e-19
117.72  1.07e-19
117.75  8.19e-20
117.77  6.61e-20
117.82  5.07e-20
117.96  5.06e-20
118.11  4.60e-20
118.17  5.70e-20
118.18  7.56e-20
118.24  9.04e-20
118.38  9.11e-20
118.48  7.54e-20
118.59  6.18e-20
118.67  5.12e-20
118.80  3.82e-20
119.05  3.40e-20
119.59  4.16e-20
120.12  4.41e-20
120.68  4.82e-20
121.19  6.30e-20
121.70  7.42e-20
122.26  8.18e-20
122.75  1.04e-19
123.34  1.09e-19
123.80  1.28e-19
124.05  1.68e-19
124.43  1.97e-19
124.78  1.71e-19
124.83  1.89e-19
125.02  2.30e-19
125.41  2.37e-19
125.66  2.10e-19
125.87  2.44e-19
125.98  3.16e-19
126.26  3.63e-19
126.47  3.24e-19
126.70  2.74e-19
126.91  3.46e-19
127.01  4.29e-19
127.24  4.87e-19
127.49  4.35e-19
127.62  3.74e-19
127.80  3.28e-19
127.95  4.35e-19
127.97  5.03e-19
128.14  5.79e-19
128.49  6.26e-19
128.62  5.50e-19
128.67  4.77e-19
128.84  4.05e-19
129.05  4.69e-19
129.09  6.90e-19
129.27  8.27e-19
129.50  6.82e-19
129.67  6.04e-19
129.86  4.90e-19
130.10  5.60e-19
130.16  8.82e-19
130.17  1.01e-18
130.30  1.12e-18
130.41  1.00e-18
130.48  9.11e-19
130.58  8.14e-19
130.67  7.13e-19
130.74  6.20e-19
130.99  5.56e-19
131.23  6.35e-19
131.31  7.55e-19
131.42  8.93e-19
131.60  9.98e-19
131.74  8.98e-19
131.86  8.14e-19
131.90  7.07e-19
132.25  6.41e-19
132.41  7.13e-19
132.45  8.26e-19
132.48  9.40e-19
132.79  1.01e-18
132.80  1.07e-18
133.00  9.78e-19
133.03  8.81e-19
133.04  8.26e-19
133.05  8.25e-19
133.28  6.97e-19
133.47  7.74e-19
133.53  9.10e-19
133.64  1.04e-18
133.75  9.58e-19
133.86  8.74e-19
134.17  8.56e-19
134.20  7.69e-19
134.22  6.81e-19
134.48  6.56e-19
134.68  7.66e-19
134.69  8.95e-19
134.95  9.65e-19
135.14  8.67e-19
135.23  7.42e-19
135.33  6.46e-19
135.67  5.87e-19
136.01  6.74e-19
136.22  8.00e-19
136.31  7.08e-19
136.39  6.28e-19
136.59  5.96e-19
136.92  6.16e-19
137.05  6.48e-19
137.35  6.15e-19
137.44  5.72e-19
137.57  5.24e-19
137.89  5.64e-19
138.08  6.30e-19
138.29  5.91e-19
138.39  5.28e-19
138.68  5.17e-19
138.87  4.92e-19
139.14  5.28e-19
139.51  5.45e-19
139.67  5.09e-19
139.98  5.29e-19
140.31  5.51e-19
140.51  5.32e-19
140.80  5.14e-19
140.91  5.52e-19
141.17  5.77e-19
141.32  5.57e-19
141.80  5.64e-19
142.00  5.39e-19
142.18  5.95e-19
142.35  6.05e-19
142.49  6.33e-19
142.62  5.58e-19
142.65  5.50e-19
143.05  5.23e-19
143.13  5.57e-19
143.22  5.86e-19
143.44  6.11e-19
143.67  6.26e-19
143.73  6.02e-19
143.74  5.58e-19
143.78  5.80e-19
144.01  5.42e-19
144.17  5.63e-19
144.24  5.89e-19
144.40  6.03e-19
144.45  6.25e-19
144.64  6.38e-19
144.81  6.17e-19
144.96  5.80e-19
145.19  5.59e-19
145.56  5.98e-19
145.57  5.97e-19
145.65  6.36e-19
145.79  6.74e-19
145.97  6.22e-19
146.10  5.74e-19
146.36  5.08e-19
146.59  5.57e-19
146.60  6.00e-19
146.74  6.47e-19
146.89  7.01e-19
147.03  6.54e-19
147.11  6.12e-19
147.14  5.59e-19
147.30  5.29e-19
147.55  5.61e-19
147.72  5.85e-19
147.87  5.59e-19
148.03  6.03e-19
148.26  6.33e-19
148.35  5.99e-19
148.42  5.66e-19
148.67  5.43e-19
148.96  5.20e-19
149.04  5.56e-19
149.12  5.92e-19
149.36  6.05e-19
149.60  5.93e-19
149.77  5.67e-19
149.83  5.39e-19
149.96  5.03e-19
150.18  4.69e-19
150.29  5.14e-19
150.40  5.59e-19
150.59  5.90e-19
150.69  5.58e-19
151.01  5.39e-19
151.05  5.30e-19
151.25  4.72e-19
151.53  5.02e-19
151.69  5.39e-19
151.77  5.11e-19
152.01  5.11e-19
152.07  4.77e-19
152.27  4.40e-19
152.68  4.46e-19
152.92  4.45e-19
153.06  4.73e-19
153.30  4.58e-19
153.33  4.22e-19
153.53  3.92e-19
153.90  3.68e-19
154.04  3.97e-19
154.27  4.29e-19
154.45  4.02e-19
154.56  3.63e-19
154.82  3.71e-19
154.87  3.44e-19
154.95  3.20e-19
155.34  3.16e-19
155.40  3.49e-19
155.50  3.71e-19
155.84  3.44e-19
156.06  3.43e-19
156.11  3.24e-19
156.19  2.98e-19
156.43  2.85e-19
156.84  2.91e-19
157.13  2.94e-19
157.31  2.68e-19
157.39  2.34e-19
157.68  2.19e-19
158.04  2.47e-19
158.32  2.62e-19
158.57  2.47e-19
158.74  2.20e-19
158.97  1.90e-19
159.36  1.72e-19
159.64  2.05e-19
160.01  1.83e-19
160.18  1.63e-19
160.47  1.63e-19
160.81  1.37e-19
161.05  1.58e-19
161.32  1.54e-19
161.58  1.48e-19
161.71  1.33e-19
162.00  1.26e-19
162.36  1.33e-19
162.63  1.20e-19
162.94  1.18e-19
163.21  9.75e-20
163.60  8.25e-20
164.16  8.00e-20
164.67  7.74e-20
165.06  6.07e-20
165.57  5.64e-20
166.15  6.09e-20
166.63  4.96e-20
167.16  4.61e-20
167.64  5.33e-20
168.15  4.10e-20
168.62  3.14e-20
169.12  2.97e-20
169.66  2.54e-20
170.09  1.58e-20
170.65  1.77e-20
171.23  1.51e-20
171.78  1.35e-20
172.36  1.45e-20
172.94  1.02e-20
173.69  7.69e-21
174.39  6.06e-21
175.00  5.30e-21
