  0.1110000       90090.09      9.4343000E-04  9.4343000E-04  5.9019001E-13
  0.1250000       80000.00      9.5195998E-04  9.5195998E-04  1.3129000E-12
  0.1430000       69930.07      9.6273998E-04  9.6273998E-04 -3.0199999E-13
  0.2000000       50000.00      9.9584996E-04  9.9584996E-04  1.4563000E-14
  0.2500000       40000.00      1.0333000E-03  1.0333000E-03 -5.5556000E-14
  0.3330000       30030.03      1.1225000E-03  1.1225000E-03 -6.4299000E-13
  0.3600000       27777.78      1.1550999E-03  1.1550999E-03 -6.9989002E-13
  0.4450000       22471.91      1.2552000E-03  1.2552000E-03  5.0886998E-14
  0.4490000       22271.71      1.2613999E-03  1.2613999E-03  1.4724000E-12
  0.5560000       17985.61      1.3097000E-03  1.3097000E-03 -1.6684000E-13
  0.7020000       14245.01      1.2616999E-03  1.2616999E-03  1.8360000E-10
  0.7140000       14005.60      1.2524000E-03  1.2524000E-03  2.4090999E-10
  0.7250000       13793.10      1.2446000E-03  1.2446000E-03  3.0955000E-10
  0.7350000       13605.44      1.2372000E-03  1.2372000E-03  4.1097001E-10
  0.7460000       13404.83      1.2289000E-03  1.2289000E-03  5.6936000E-10
  0.7580000       13192.61      1.2193000E-03  1.2193000E-03  6.4214001E-10
  0.7690000       13003.90      1.2103000E-03  1.2103000E-03  6.6306999E-10
  0.7810000       12804.10      1.2001999E-03  1.2001999E-03  6.5826000E-10
  0.7940000       12594.46      1.1889000E-03  1.1889000E-03  6.5542000E-10
  0.8060000       12406.95      1.1782000E-03  1.1782000E-03  6.7488998E-10
  0.8200000       12195.12      1.1654000E-03  1.1654000E-03  7.4737000E-10
  0.8330000       12004.80      1.1513000E-03  1.1513000E-03  9.0795998E-10
  0.8470000       11806.38      1.1380001E-03  1.1380001E-03  1.1332000E-09
  0.8620000       11600.93      1.1214000E-03  1.1214000E-03  1.2864000E-09
  0.8770000       11402.51      1.1067000E-03  1.1067000E-03  1.3910000E-09
  0.8930000       11198.21      1.0908000E-03  1.0908000E-03  1.5748000E-09
  0.9090000       11001.10      1.0726000E-03  1.0726000E-03  1.8793000E-09
  0.9260000       10799.14      1.0554000E-03  1.0554000E-03  2.3383000E-09
  0.9430000       10604.45      1.0359000E-03  1.0359000E-03  3.8294998E-09
  0.9620000       10395.01      1.0166001E-03  1.0166001E-03  6.3612000E-09
  0.9800000       10204.08      9.9586998E-04  9.9587999E-04  8.5116998E-09
   1.000000       10000.00      9.7560999E-04  9.7562000E-04  9.0137000E-09
   1.020000       9803.922      9.5299003E-04  9.5299998E-04  8.7354000E-09
   1.042000       9596.929      9.3098002E-04  9.3098998E-04  8.2933003E-09
   1.064000       9398.496      9.0669998E-04  9.0670999E-04  8.1850002E-09
   1.087000       9199.632      8.8169001E-04  8.8170002E-04  8.5008001E-09
   1.111000       9000.900      8.5606001E-04  8.5607002E-04  9.5038004E-09
   1.136000       8802.816      8.2989002E-04  8.2990999E-04  1.2355000E-08
   1.163000       8598.452      8.0237002E-04  8.0238999E-04  1.9741000E-08
   1.190000       8403.361      7.7793997E-04  7.7796000E-04  2.3458000E-08
   1.220000       8196.721      7.4905000E-04  7.4907002E-04  2.5840000E-08
   1.250000       8000.000      7.1853999E-04  7.1857002E-04  3.0835000E-08
   1.266000       7898.894      7.0521003E-04  7.0525002E-04  3.3890998E-08
   1.282000       7800.312      6.8971998E-04  6.8975001E-04  3.8399001E-08
   1.299000       7698.229      6.7367998E-04  6.7372998E-04  4.4358998E-08
   1.316000       7598.784      6.6030002E-04  6.6035002E-04  5.2789002E-08
   1.333000       7501.876      6.4483000E-04  6.4490002E-04  6.4943997E-08
   1.351000       7401.925      6.3122000E-04  6.3129998E-04  7.9518998E-08
   1.370000       7299.270      6.1488000E-04  6.1498000E-04  1.0207000E-07
   1.389000       7199.424      5.9888000E-04  5.9903000E-04  1.5047000E-07
   1.408000       7102.273      5.8321998E-04  5.8345997E-04  2.3389001E-07
   1.429000       6997.900      5.6656997E-04  5.6690001E-04  3.2673000E-07
   1.449000       6901.311      5.5320002E-04  5.5356999E-04  3.7286000E-07
   1.471000       6798.097      5.3677999E-04  5.3716998E-04  3.9394001E-07
   1.493000       6697.923      5.2081002E-04  5.2121998E-04  4.1062000E-07
   1.515000       6600.660      5.0530001E-04  5.0572999E-04  4.3001000E-07
   1.538000       6501.951      4.9165002E-04  4.9211999E-04  4.6553001E-07
   1.562000       6402.048      4.7585001E-04  4.7637001E-04  5.1187999E-07
   1.587000       6301.197      4.5808000E-04  4.5865000E-04  5.6808000E-07
   1.613000       6199.628      4.4226999E-04  4.4291001E-04  6.3758000E-07
   1.639000       6101.281      4.2699999E-04  4.2771999E-04  7.2245001E-07
   1.667000       5998.800      4.1308001E-04  4.1390001E-04  8.2118999E-07
   1.695000       5899.705      3.9792000E-04  3.9885001E-04  9.2634002E-07
   1.724000       5800.464      3.8288001E-04  3.8392001E-04  1.0402000E-06
   1.754000       5701.254      3.6633000E-04  3.6753001E-04  1.1915000E-06
   1.786000       5599.104      3.5128999E-04  3.5262000E-04  1.3318000E-06
   1.818000       5500.550      3.3692000E-04  3.3834999E-04  1.4357000E-06
   1.852000       5399.568      3.2242999E-04  3.2398000E-04  1.5502000E-06
   1.887000       5299.417      3.0663999E-04  3.0866000E-04  2.0176001E-06
   1.923000       5200.208      2.9257999E-04  2.9532000E-04  2.7383001E-06
   1.961000       5099.439      2.7747001E-04  2.8045001E-04  2.9734999E-06
   2.000000       5000.000      2.6301001E-04  2.6594999E-04  2.9375001E-06
   2.041000       4899.559      2.4877000E-04  2.5171001E-04  2.9440000E-06
   2.083000       4800.768      2.3508001E-04  2.3804999E-04  2.9695000E-06
   2.128000       4699.248      2.2032000E-04  2.2337001E-04  3.0484000E-06
   2.174000       4599.816      2.0629000E-04  2.0947000E-04  3.1815000E-06
   2.222000       4500.450      1.9175000E-04  1.9509000E-04  3.3392000E-06
   2.273000       4399.472      1.7860001E-04  1.8220000E-04  3.5982000E-06
   2.326000       4299.226      1.6425000E-04  1.6815000E-04  3.9045999E-06
   2.381000       4199.916      1.5154001E-04  1.5589000E-04  4.3495002E-06
   2.439000       4100.041      1.3776000E-04  1.4293000E-04  5.1655002E-06
   2.500000       4000.000      1.2334000E-04  1.2963000E-04  6.2889999E-06
   2.564000       3900.156      1.0760000E-04  1.1403000E-04  6.4249002E-06
   2.632000       3799.392      9.3103001E-05  1.0080000E-04  7.6999004E-06
   2.688000       3720.238      8.1448998E-05  8.9636997E-05  8.1877997E-06
   2.725000       3669.725      7.0907001E-05  7.9614998E-05  8.7083999E-06
   2.762000       3620.565      6.0106999E-05  8.6553002E-05  2.6447000E-05
   2.770000       3610.108      5.8320002E-05  9.0018999E-05  3.1700001E-05
   2.833000       3529.827      5.0899002E-05  1.1801000E-04  6.7111003E-05
   2.841000       3519.887      5.0719002E-05  1.2244000E-04  7.1720999E-05
   2.882000       3469.813      4.9794999E-05  1.4012000E-04  9.0328002E-05
   2.915000       3430.532      5.0588002E-05  1.5003000E-04  9.9436998E-05
   2.941000       3400.204      5.0746999E-05  1.5372000E-04  1.0297000E-04
   2.985000       3350.084      5.0130999E-05  1.5904001E-04  1.0891000E-04
   3.021000       3310.162      4.9278999E-05  1.6310001E-04  1.1383000E-04
   3.077000       3249.919      4.7755999E-05  1.6952000E-04  1.2177000E-04
   3.175000       3149.606      4.7317000E-05  1.8642000E-04  1.3910000E-04
   3.279000       3049.710      4.8970000E-05  2.0112000E-04  1.5214999E-04
   3.344000       2990.430      5.0810999E-05  2.0814000E-04  1.5732000E-04
   3.413000       2929.974      5.2077001E-05  2.0646999E-04  1.5440000E-04
   3.472000       2880.184      5.2993000E-05  2.0657000E-04  1.5358000E-04
   3.559000       2809.778      5.3733998E-05  1.9704000E-04  1.4330000E-04
   3.623000       2760.144      5.2549000E-05  1.8498000E-04  1.3243000E-04
   3.690000       2710.027      5.0682000E-05  1.7476000E-04  1.2408000E-04
   3.759000       2660.282      4.7977999E-05  1.6464001E-04  1.1666000E-04
   3.817000       2619.859      4.6017001E-05  1.5907000E-04  1.1305000E-04
   3.846000       2600.104      4.4865999E-05  1.5615000E-04  1.1128000E-04
   3.861000       2590.002      4.4389999E-05  1.5517999E-04  1.1079000E-04
   3.906000       2560.164      4.2997999E-05  1.5234000E-04  1.0934000E-04
   3.953000       2529.724      4.1789001E-05  1.4966000E-04  1.0787000E-04
   4.000000       2500.000      4.0800001E-05  1.4646001E-04  1.0566000E-04
   4.082000       2449.780      3.8882001E-05  1.4059999E-04  1.0172000E-04
   4.149000       2410.219      3.6944999E-05  1.3453000E-04  9.7589997E-05
   4.219000       2370.230      3.6173999E-05  1.2893000E-04  9.2759998E-05
   4.274000       2339.729      3.3569999E-05  1.1983000E-04  8.6262997E-05
   4.292000       2329.916      3.2851000E-05  1.1796000E-04  8.5113003E-05
   4.367000       2289.901      2.9950999E-05  1.1627000E-04  8.6323002E-05
   4.464000       2240.143      2.7865000E-05  1.1624000E-04  8.8373003E-05
   4.587000       2180.074      2.5975000E-05  1.1298000E-04  8.7000997E-05
   4.717000       2119.991      2.3627001E-05  1.0526000E-04  8.1630998E-05
   4.808000       2079.867      2.1764999E-05  1.0102000E-04  7.9254998E-05
   4.950000       2020.202      1.8716000E-05  9.6771997E-05  7.8055004E-05
   5.102000       1960.016      1.6116999E-05  9.7803997E-05  8.1687002E-05
   5.181000       1930.129      1.5024000E-05  9.9593999E-05  8.4571002E-05
   5.263000       1900.057      1.4111000E-05  1.0258000E-04  8.8471999E-05
   5.319000       1880.053      1.3583000E-05  1.0513000E-04  9.1551003E-05
   5.376000       1860.119      1.3125000E-05  1.0881000E-04  9.5681004E-05
   5.435000       1839.926      1.2915000E-05  1.1365000E-04  1.0073000E-04
   5.495000       1819.836      1.2781000E-05  1.1839000E-04  1.0560000E-04
   5.556000       1799.856      1.2850000E-05  1.2363000E-04  1.1079000E-04
   5.618000       1779.993      1.3190000E-05  1.2883000E-04  1.1564000E-04
   5.650000       1769.911      1.3358000E-05  1.2971000E-04  1.1636000E-04
   5.682000       1759.944      1.3468000E-05  1.3055000E-04  1.1708000E-04
   5.747000       1740.038      1.3717000E-05  1.3319000E-04  1.1948000E-04
   5.814000       1719.986      1.4451000E-05  1.3428000E-04  1.1983000E-04
   5.882000       1700.102      1.4673000E-05  1.2742000E-04  1.1275000E-04
   5.952000       1680.108      1.4434000E-05  1.1949000E-04  1.0505000E-04
   6.024000       1660.026      1.4054000E-05  1.1164000E-04  9.7586999E-05
   6.061000       1649.893      1.3828000E-05  1.0726000E-04  9.3428003E-05
   6.098000       1639.882      1.3587000E-05  1.0193000E-04  8.8346998E-05
   6.135000       1629.992      1.3233000E-05  9.5638999E-05  8.2405997E-05
   6.173000       1619.958      1.2530000E-05  8.8720000E-05  7.6190998E-05
   6.211000       1610.047      1.1902000E-05  8.3842002E-05  7.1939998E-05
   6.250000       1600.000      1.1172000E-05  7.9908998E-05  6.8736997E-05
   6.329000       1580.028      1.0016000E-05  7.4240997E-05  6.4225002E-05
   6.410000       1560.062      8.9310997E-06  7.0155002E-05  6.1223996E-05
   6.494000       1539.883      7.9150996E-06  6.7608999E-05  5.9694001E-05
   6.536000       1529.988      7.4796999E-06  6.6405002E-05  5.8925001E-05
   6.579000       1519.988      6.9562002E-06  6.5168002E-05  5.8212001E-05
   6.623000       1509.890      6.4415999E-06  6.4895001E-05  5.8453999E-05
   6.667000       1499.925      6.0472998E-06  6.6105000E-05  6.0057999E-05
   6.711000       1490.091      5.7079001E-06  6.7339002E-05  6.1630999E-05
   6.803000       1469.940      5.0980002E-06  6.9319998E-05  6.4221997E-05
   6.897000       1449.906      4.6445002E-06  7.0861002E-05  6.6216002E-05
   6.993000       1430.001      3.8600001E-06  6.9620997E-05  6.5761000E-05
   7.092000       1410.039      3.3726999E-06  7.5320000E-05  7.1948001E-05
   7.194000       1390.047      2.9147000E-06  8.1017002E-05  7.8101999E-05
   7.299000       1370.051      2.6076000E-06  8.9893001E-05  8.7285000E-05
   7.353000       1359.989      2.5178999E-06  9.6618998E-05  9.4101000E-05
   7.463000       1339.944      2.8217000E-06  1.1848000E-04  1.1566000E-04
   7.576000       1319.958      3.6443000E-06  1.4408999E-04  1.4045001E-04
   7.634000       1309.929      4.1079002E-06  1.5535000E-04  1.5124000E-04
   7.752000       1289.990      4.8856000E-06  1.7289000E-04  1.6800000E-04
   7.874000       1270.003      5.6812000E-06  1.9110000E-04  1.8541999E-04
   8.000000       1250.000      7.0234000E-06  2.1718000E-04  2.1016000E-04
   8.065000       1239.926      7.7641998E-06  2.2931999E-04  2.2155000E-04
   8.130000       1230.012      8.8986999E-06  2.4545999E-04  2.3655999E-04
   8.264000       1210.068      1.0772000E-05  2.6314001E-04  2.5236999E-04
   8.403000       1190.051      1.2357000E-05  2.6935001E-04  2.5699000E-04
   8.547000       1170.001      1.3607000E-05  2.6325000E-04  2.4964000E-04
   8.621000       1159.958      1.3865000E-05  2.5327000E-04  2.3941000E-04
   8.696000       1149.954      1.4031000E-05  2.3987000E-04  2.2584001E-04
   8.850000       1129.943      1.2891000E-05  2.0277000E-04  1.8988000E-04
   8.929000       1119.946      1.1995000E-05  1.8572000E-04  1.7373000E-04
   9.009000       1110.001      1.0989000E-05  1.7175000E-04  1.6076000E-04
   9.091000       1099.989      9.9770004E-06  1.6194000E-04  1.5196000E-04
   9.174000       1090.037      9.0717003E-06  1.5813000E-04  1.4905000E-04
   9.259000       1080.030      8.6084001E-06  1.6472000E-04  1.5611001E-04
   9.346000       1069.976      9.0433005E-06  1.7699000E-04  1.6795000E-04
   9.434000       1059.996      9.9360004E-06  1.8602000E-04  1.7607999E-04
   9.524000       1049.979      1.1034000E-05  1.8600000E-04  1.7497000E-04
   9.615000       1040.042      1.1721000E-05  1.7251000E-04  1.6079000E-04
   9.709000       1029.972      1.1613000E-05  1.4718001E-04  1.3556999E-04
   9.804000       1019.992      1.0750000E-05  1.2300001E-04  1.1225000E-04
   9.901000       1009.999      9.8010996E-06  1.0413000E-04  9.4328003E-05
   10.10100       990.0010      7.7297000E-06  8.0295002E-05  7.2565999E-05
   10.20400       980.0078      6.9466000E-06  7.4486998E-05  6.7540001E-05
   10.30900       970.0262      6.3122002E-06  7.0155002E-05  6.3842999E-05
   10.38400       963.0200      5.9447998E-06  6.7715002E-05  6.1769999E-05
   10.41700       959.9693      5.6570998E-06  6.6875000E-05  6.1218001E-05
   10.52600       950.0285      5.0991998E-06  6.5521999E-05  6.0423001E-05
   10.63800       940.0264      4.5481002E-06  6.6635002E-05  6.2086001E-05
   10.75300       929.9730      4.1245999E-06  7.2821000E-05  6.8697002E-05
   10.87000       919.9632      4.0489999E-06  8.3640000E-05  7.9591002E-05
   10.98900       910.0009      4.2662000E-06  9.4859002E-05  9.0592999E-05
   11.11100       900.0090      4.8159000E-06  1.0113000E-04  9.6317999E-05
   11.23600       889.9965      5.3453000E-06  9.4101997E-05  8.8756999E-05
   11.36400       879.9718      5.2437999E-06  7.5645003E-05  7.0401002E-05
   11.44200       873.9730      5.0141002E-06  6.6676999E-05  6.1662999E-05
   11.49400       870.0191      4.8859001E-06  6.1129998E-05  5.6244000E-05
   11.76500       849.9787      3.9544002E-06  4.3231001E-05  3.9276001E-05
   11.90500       839.9832      3.5825999E-06  3.9017999E-05  3.5436002E-05
   12.19500       820.0082      2.9498999E-06  3.3830001E-05  3.0880001E-05
   12.50000       800.0000      2.4645999E-06  3.1471998E-05  2.9007000E-05
   12.65800       790.0142      2.2669999E-06  3.0996001E-05  2.8729000E-05
   12.82100       779.9703      2.0870000E-06  3.0694999E-05  2.8607999E-05
   13.15800       759.9939      1.7851000E-06  3.0587998E-05  2.8803001E-05
   13.51400       739.9734      1.5392000E-06  3.0764000E-05  2.9225001E-05
   13.88900       719.9943      1.3296000E-06  3.1074000E-05  2.9745001E-05
   14.28600       699.9860      1.1356000E-06  3.0717001E-05  2.9581000E-05
   14.70600       679.9946      9.4770002E-07  3.1897001E-05  3.0949999E-05
   14.92500       670.0167      8.6224998E-07  3.3023000E-05  3.2160999E-05
   15.38500       649.9838      7.0256999E-07  3.7833001E-05  3.7130001E-05
   15.87300       630.0006      6.3135002E-07  5.0445000E-05  4.9814000E-05
   16.12900       620.0012      6.5190000E-07  5.8213001E-05  5.7560999E-05
   16.66700       599.9880      7.6897999E-07  7.4374002E-05  7.3604999E-05
   16.94900       590.0053      9.2929997E-07  8.0580001E-05  7.9650999E-05
   17.24100       580.0128      1.0366000E-06  7.5736003E-05  7.4698997E-05
   17.54400       569.9954      1.0539000E-06  6.3107997E-05  6.2054001E-05
   17.85700       560.0045      9.6853000E-07  4.8991998E-05  4.8023001E-05
   18.18200       549.9945      8.4595001E-07  3.8258000E-05  3.7411999E-05
   18.51900       539.9860      7.3477003E-07  3.1639000E-05  3.0905001E-05
   18.86800       529.9979      6.3468002E-07  2.7841999E-05  2.7208000E-05
   19.60800       509.9959      4.9617000E-07  2.5273001E-05  2.4776000E-05
   20.00000       500.0000      4.4327001E-07  2.4753999E-05  2.4311001E-05
   20.40800       490.0039      3.9710000E-07  2.5052001E-05  2.4655001E-05
   20.83300       480.0077      3.5630001E-07  2.6612001E-05  2.6255000E-05
   21.27700       469.9911      3.3550000E-07  2.9280000E-05  2.8945000E-05
   22.22200       450.0045      3.2250000E-07  2.9990000E-05  2.9667000E-05
   22.72700       440.0053      3.0654999E-07  2.7765000E-05  2.7459000E-05
   23.25600       429.9966      2.8994000E-07  2.4708999E-05  2.4419000E-05
   24.39000       410.0041      2.3628000E-07  1.7507000E-05  1.7271001E-05
   25.00000       400.0000      2.0863000E-07  1.5225000E-05  1.5017000E-05
   50.00000       200.0000      1.2791000E-08  7.3686001E-06  7.3557999E-06
   100.0000       100.0000      7.9480000E-10  3.6596000E-06  3.6588001E-06
   500.0000       20.00000      1.2734000E-12  7.1467002E-07  7.1467002E-07
   1000.000       10.00000      7.8710001E-14  4.0085999E-07  4.0085999E-07
