  0.1110000       90090.09      7.5996001E-03  7.5996001E-03  6.0102999E-12
  0.1250000       80000.00      7.6392000E-03  7.6392000E-03 -1.2571000E-12
  0.1430000       69930.07      7.6863999E-03  7.6863999E-03  6.0374002E-12
  0.2000000       50000.00      7.8215003E-03  7.8215003E-03 -2.8503001E-12
  0.2500000       40000.00      7.9289004E-03  7.9289004E-03  8.5593000E-12
  0.3330000       30030.03      8.0970004E-03  8.0970004E-03 -6.8030000E-12
  0.3600000       27777.78      8.1550004E-03  8.1550004E-03 -2.7526000E-12
  0.4450000       22471.91      8.3692996E-03  8.3692996E-03 -1.1820000E-11
  0.4490000       22271.71      8.3852997E-03  8.3852997E-03 -4.7883000E-12
  0.5560000       17985.61      8.5225999E-03  8.5225999E-03  1.8434000E-12
  0.7020000       14245.01      8.4009003E-03  8.4009003E-03  4.0014001E-09
  0.7140000       14005.60      8.4162997E-03  8.4162997E-03  5.3820002E-09
  0.7250000       13793.10      8.4177004E-03  8.4177004E-03  6.7230999E-09
  0.7350000       13605.44      8.4322002E-03  8.4322002E-03  8.9296002E-09
  0.7460000       13404.83      8.4557999E-03  8.4557999E-03  1.2530000E-08
  0.7580000       13192.61      8.4757004E-03  8.4757004E-03  1.4057000E-08
  0.7690000       13003.90      8.5091004E-03  8.5092001E-03  1.4587000E-08
  0.7810000       12804.10      8.5442001E-03  8.5442001E-03  1.4605000E-08
  0.7940000       12594.46      8.5933004E-03  8.5933004E-03  1.4515000E-08
  0.8060000       12406.95      8.6420001E-03  8.6420001E-03  1.4816000E-08
  0.8200000       12195.12      8.7096002E-03  8.7096998E-03  1.6534999E-08
  0.8330000       12004.80      8.7855002E-03  8.7855002E-03  2.0186000E-08
  0.8470000       11806.38      8.8689001E-03  8.8689001E-03  2.5275000E-08
  0.8620000       11600.93      8.9744003E-03  8.9744003E-03  2.8662001E-08
  0.8770000       11402.51      9.0795998E-03  9.0795998E-03  3.1128000E-08
  0.8930000       11198.21      9.1982996E-03  9.1982996E-03  3.5189000E-08
  0.9090000       11001.10      9.3374997E-03  9.3376003E-03  4.2025000E-08
  0.9260000       10799.14      9.4784005E-03  9.4785001E-03  5.2514999E-08
  0.9430000       10604.45      9.6413996E-03  9.6415002E-03  8.5962000E-08
  0.9620000       10395.01      9.8109003E-03  9.8110000E-03  1.4327000E-07
  0.9800000       10204.08      9.9930000E-03  9.9932002E-03  1.9207999E-07
   1.000000       10000.00      1.0178000E-02  1.0179000E-02  2.0392000E-07
   1.020000       9803.922      1.0384000E-02  1.0384000E-02  1.9811000E-07
   1.042000       9596.929      1.0588000E-02  1.0588000E-02  1.8849001E-07
   1.064000       9398.496      1.0808000E-02  1.0808000E-02  1.8657001E-07
   1.087000       9199.632      1.1032000E-02  1.1032000E-02  1.9421999E-07
   1.111000       9000.900      1.1256000E-02  1.1257000E-02  2.1783001E-07
   1.136000       8802.816      1.1478000E-02  1.1478000E-02  2.8401999E-07
   1.163000       8598.452      1.1700000E-02  1.1701000E-02  4.5516001E-07
   1.190000       8403.361      1.1890000E-02  1.1891000E-02  5.4267002E-07
   1.220000       8196.721      1.2095000E-02  1.2096000E-02  5.9992999E-07
   1.250000       8000.000      1.2286000E-02  1.2287000E-02  7.1826997E-07
   1.266000       7898.894      1.2365000E-02  1.2366000E-02  7.9107002E-07
   1.282000       7800.312      1.2447000E-02  1.2448000E-02  8.9793002E-07
   1.299000       7698.229      1.2523000E-02  1.2525000E-02  1.0392999E-06
   1.316000       7598.784      1.2584000E-02  1.2586000E-02  1.2393000E-06
   1.333000       7501.876      1.2643000E-02  1.2645000E-02  1.5277000E-06
   1.351000       7401.925      1.2692000E-02  1.2694000E-02  1.8746000E-06
   1.370000       7299.270      1.2736000E-02  1.2739000E-02  2.4115000E-06
   1.389000       7199.424      1.2769000E-02  1.2773000E-02  3.5621999E-06
   1.408000       7102.273      1.2790000E-02  1.2796000E-02  5.5482001E-06
   1.429000       6997.900      1.2801000E-02  1.2809000E-02  7.7676004E-06
   1.449000       6901.311      1.2806000E-02  1.2815000E-02  8.8854003E-06
   1.471000       6798.097      1.2797000E-02  1.2806000E-02  9.4109000E-06
   1.493000       6697.923      1.2776000E-02  1.2786000E-02  9.8329001E-06
   1.515000       6600.660      1.2744000E-02  1.2754000E-02  1.0322000E-05
   1.538000       6501.951      1.2709000E-02  1.2720000E-02  1.1205000E-05
   1.562000       6402.048      1.2651000E-02  1.2663000E-02  1.2352000E-05
   1.587000       6301.197      1.2565000E-02  1.2579000E-02  1.3741000E-05
   1.613000       6199.628      1.2477000E-02  1.2492000E-02  1.5464000E-05
   1.639000       6101.281      1.2377000E-02  1.2395000E-02  1.7568000E-05
   1.667000       5998.800      1.2279000E-02  1.2299000E-02  2.0031001E-05
   1.695000       5899.705      1.2152000E-02  1.2175000E-02  2.2658000E-05
   1.724000       5800.464      1.2012000E-02  1.2037000E-02  2.5514000E-05
   1.754000       5701.254      1.1834000E-02  1.1863000E-02  2.9299001E-05
   1.786000       5599.104      1.1660000E-02  1.1693000E-02  3.2846001E-05
   1.818000       5500.550      1.1480000E-02  1.1515000E-02  3.5511999E-05
   1.852000       5399.568      1.1282000E-02  1.1321000E-02  3.8465001E-05
   1.887000       5299.417      1.1035000E-02  1.1085000E-02  5.0170001E-05
   1.923000       5200.208      1.0795000E-02  1.0863000E-02  6.8228001E-05
   1.961000       5099.439      1.0527000E-02  1.0601000E-02  7.4281998E-05
   2.000000       5000.000      1.0258000E-02  1.0332000E-02  7.3609997E-05
   2.041000       4899.559      9.9732997E-03  1.0047000E-02  7.3998999E-05
   2.083000       4800.768      9.6808998E-03  9.7556999E-03  7.4860000E-05
   2.128000       4699.248      9.3382997E-03  9.4152996E-03  7.7040997E-05
   2.174000       4599.816      8.9896005E-03  9.0701999E-03  8.0589001E-05
   2.222000       4500.450      8.6000003E-03  8.6847004E-03  8.4722000E-05
   2.273000       4399.472      8.2294997E-03  8.3208997E-03  9.1469999E-05
   2.326000       4299.226      7.7904002E-03  7.8897001E-03  9.9318000E-05
   2.381000       4199.916      7.3807999E-03  7.4915001E-03  1.1071000E-04
   2.439000       4100.041      6.8981000E-03  7.0294002E-03  1.3129000E-04
   2.500000       4000.000      6.3523999E-03  6.5116999E-03  1.5928000E-04
   2.564000       3900.156      5.7219001E-03  5.8837999E-03  1.6197001E-04
   2.632000       3799.392      5.0913999E-03  5.2840002E-03  1.9267001E-04
   2.688000       3720.238      4.5579001E-03  4.7613000E-03  2.0343000E-04
   2.725000       3669.725      4.0381998E-03  4.2523001E-03  2.1411999E-04
   2.762000       3620.565      3.3672000E-03  3.9888001E-03  6.2160002E-04
   2.770000       3610.108      3.2444000E-03  3.9806999E-03  7.3629001E-04
   2.833000       3529.827      2.6924999E-03  4.1411999E-03  1.4488000E-03
   2.841000       3519.887      2.6632000E-03  4.1986001E-03  1.5354000E-03
   2.882000       3469.813      2.5420000E-03  4.4120001E-03  1.8700000E-03
   2.915000       3430.532      2.5491000E-03  4.5813001E-03  2.0322001E-03
   2.941000       3400.204      2.5497000E-03  4.6457001E-03  2.0959999E-03
   2.985000       3350.084      2.5090000E-03  4.7070002E-03  2.1980000E-03
   3.021000       3310.162      2.4590001E-03  4.7380002E-03  2.2789999E-03
   3.077000       3249.919      2.3711000E-03  4.7761002E-03  2.4049999E-03
   3.175000       3149.606      2.3085999E-03  4.9842000E-03  2.6755999E-03
   3.279000       3049.710      2.3643000E-03  5.2538002E-03  2.8895000E-03
   3.344000       2990.430      2.4486999E-03  5.4366002E-03  2.9879001E-03
   3.413000       2929.974      2.5464001E-03  5.5256998E-03  2.9794001E-03
   3.472000       2880.184      2.6157000E-03  5.6087999E-03  2.9931001E-03
   3.559000       2809.778      2.7379999E-03  5.6228000E-03  2.8848001E-03
   3.623000       2760.144      2.7644001E-03  5.5018999E-03  2.7375999E-03
   3.690000       2710.027      2.7425999E-03  5.3583998E-03  2.6157999E-03
   3.759000       2660.282      2.6686001E-03  5.1654000E-03  2.4967999E-03
   3.817000       2619.859      2.6048999E-03  5.0431001E-03  2.4381999E-03
   3.846000       2600.104      2.5622000E-03  4.9696001E-03  2.4073999E-03
   3.861000       2590.002      2.5442000E-03  4.9434998E-03  2.3993000E-03
   3.906000       2560.164      2.4910001E-03  4.8659998E-03  2.3751000E-03
   3.953000       2529.724      2.4474000E-03  4.7992002E-03  2.3518000E-03
   4.000000       2500.000      2.4186000E-03  4.7360002E-03  2.3173001E-03
   4.082000       2449.780      2.3546000E-03  4.6065999E-03  2.2519999E-03
   4.149000       2410.219      2.2807000E-03  4.4578002E-03  2.1770999E-03
   4.219000       2370.230      2.2793000E-03  4.3779002E-03  2.0985999E-03
   4.274000       2339.729      2.1621000E-03  4.1280999E-03  1.9660001E-03
   4.292000       2329.916      2.1267000E-03  4.0679001E-03  1.9413000E-03
   4.367000       2289.901      1.9567001E-03  3.9061999E-03  1.9494999E-03
   4.464000       2240.143      1.8392000E-03  3.8219001E-03  1.9827001E-03
   4.587000       2180.074      1.7499001E-03  3.7074001E-03  1.9574000E-03
   4.717000       2119.991      1.6378000E-03  3.4886000E-03  1.8508000E-03
   4.808000       2079.867      1.5341000E-03  3.3307001E-03  1.7965999E-03
   4.950000       2020.202      1.3460000E-03  3.0998001E-03  1.7538000E-03
   5.102000       1960.016      1.1726000E-03  2.9759000E-03  1.8033000E-03
   5.181000       1930.129      1.0976000E-03  2.9458001E-03  1.8482000E-03
   5.263000       1900.057      1.0338000E-03  2.9461000E-03  1.9123000E-03
   5.319000       1880.053      9.9625997E-04  2.9598000E-03  1.9636001E-03
   5.376000       1860.119      9.6218998E-04  2.9951001E-03  2.0329000E-03
   5.435000       1839.926      9.4538002E-04  3.0665000E-03  2.1211000E-03
   5.495000       1819.836      9.3467999E-04  3.1407999E-03  2.2062000E-03
   5.556000       1799.856      9.3868002E-04  3.2379001E-03  2.2992999E-03
   5.618000       1779.993      9.6357998E-04  3.3561999E-03  2.3926999E-03
   5.650000       1769.911      9.7891001E-04  3.3915001E-03  2.4126000E-03
   5.682000       1759.944      9.8991999E-04  3.4213001E-03  2.4313999E-03
   5.747000       1740.038      1.0128000E-03  3.4976001E-03  2.4848001E-03
   5.814000       1719.986      1.0765000E-03  3.5965000E-03  2.5199000E-03
   5.882000       1700.102      1.1167000E-03  3.5401999E-03  2.4234999E-03
   5.952000       1680.108      1.1230001E-03  3.4233001E-03  2.3002999E-03
   6.024000       1660.026      1.1172000E-03  3.2893000E-03  2.1720000E-03
   6.061000       1649.893      1.1120000E-03  3.2094000E-03  2.0973999E-03
   6.098000       1639.882      1.1070000E-03  3.1105999E-03  2.0035999E-03
   6.135000       1629.992      1.0937999E-03  2.9823000E-03  1.8884999E-03
   6.173000       1619.958      1.0503000E-03  2.8076000E-03  1.7573000E-03
   6.211000       1610.047      1.0082000E-03  2.6723000E-03  1.6642000E-03
   6.250000       1600.000      9.5416000E-04  2.5428999E-03  1.5887000E-03
   6.329000       1580.028      8.6715003E-04  2.3480000E-03  1.4809000E-03
   6.410000       1560.062      7.8152999E-04  2.1855000E-03  1.4039000E-03
   6.494000       1539.883      6.9824001E-04  2.0558001E-03  1.3575000E-03
   6.536000       1529.988      6.6253002E-04  1.9980001E-03  1.3354000E-03
   6.579000       1519.988      6.1836001E-04  1.9308000E-03  1.3124000E-03
   6.623000       1509.890      5.7371001E-04  1.8822000E-03  1.3085000E-03
   6.667000       1499.925      5.3860998E-04  1.8725001E-03  1.3339000E-03
   6.711000       1490.091      5.0849997E-04  1.8676000E-03  1.3591000E-03
   6.803000       1469.940      4.5496001E-04  1.8537000E-03  1.3987001E-03
   6.897000       1449.906      4.1586001E-04  1.8449000E-03  1.4290001E-03
   6.993000       1430.001      3.4724001E-04  1.7489000E-03  1.4017000E-03
   7.092000       1410.039      3.0198999E-04  1.8054000E-03  1.5035000E-03
   7.194000       1390.047      2.5966999E-04  1.8581999E-03  1.5984999E-03
   7.299000       1370.051      2.3011000E-04  1.9725999E-03  1.7425000E-03
   7.353000       1359.989      2.2037000E-04  2.0681999E-03  1.8478000E-03
   7.463000       1339.944      2.4086999E-04  2.4275000E-03  2.1865999E-03
   7.576000       1319.958      3.0377001E-04  2.8792999E-03  2.5756001E-03
   7.634000       1309.929      3.3966001E-04  3.0860000E-03  2.7463001E-03
   7.752000       1289.990      4.0018000E-04  3.4113999E-03  3.0112001E-03
   7.874000       1270.003      4.6057001E-04  3.7326000E-03  3.2720000E-03
   8.000000       1250.000      5.5992999E-04  4.1950000E-03  3.6351001E-03
   8.065000       1239.926      6.1539002E-04  4.4248002E-03  3.8093999E-03
   8.130000       1230.012      6.9930998E-04  4.7411998E-03  4.0418999E-03
   8.264000       1210.068      8.4754999E-04  5.2046999E-03  4.3572001E-03
   8.403000       1190.051      9.8589004E-04  5.5415002E-03  4.5556002E-03
   8.547000       1170.001      1.1154000E-03  5.7403999E-03  4.6250001E-03
   8.621000       1159.958      1.1605000E-03  5.7337000E-03  4.5731999E-03
   8.696000       1149.954      1.2040000E-03  5.6794002E-03  4.4753999E-03
   8.850000       1129.943      1.1745000E-03  5.2244999E-03  4.0500001E-03
   8.929000       1119.946      1.1229001E-03  4.9296999E-03  3.8068001E-03
   9.009000       1110.001      1.0516000E-03  4.6318001E-03  3.5802999E-03
   9.091000       1099.989      9.6948998E-04  4.3700002E-03  3.4004999E-03
   9.174000       1090.037      8.8717998E-04  4.1966001E-03  3.3094001E-03
   9.259000       1080.030      8.3655003E-04  4.2308001E-03  3.3942000E-03
   9.346000       1069.976      8.7145000E-04  4.4780001E-03  3.6066000E-03
   9.434000       1059.996      9.5641997E-04  4.7539999E-03  3.7974999E-03
   9.524000       1049.979      1.0750000E-03  4.9554999E-03  3.8805001E-03
   9.615000       1040.042      1.1748000E-03  4.9279998E-03  3.7531999E-03
   9.709000       1029.972      1.2151001E-03  4.5956001E-03  3.3803999E-03
   9.804000       1019.992      1.1691001E-03  4.0958002E-03  2.9267001E-03
   9.901000       1009.999      1.0978000E-03  3.6180001E-03  2.5203000E-03
   10.10100       990.0010      8.9253002E-04  2.8208999E-03  1.9284000E-03
   10.20400       980.0078      8.0692000E-04  2.5806001E-03  1.7737000E-03
   10.30900       970.0262      7.3655997E-04  2.3952001E-03  1.6586001E-03
   10.38400       963.0200      6.9565000E-04  2.2902000E-03  1.5945000E-03
   10.41700       959.9693      6.6142000E-04  2.2284000E-03  1.5670001E-03
   10.52600       950.0285      5.9605000E-04  2.1189000E-03  1.5229000E-03
   10.63800       940.0264      5.2949000E-04  2.0632001E-03  1.5337000E-03
   10.75300       929.9730      4.7575001E-04  2.1329999E-03  1.6572000E-03
   10.87000       919.9632      4.6235000E-04  2.3488000E-03  1.8864000E-03
   10.98900       910.0009      4.8421000E-04  2.6161000E-03  2.1319001E-03
   11.11100       900.0090      5.4946000E-04  2.8492000E-03  2.2998000E-03
   11.23600       889.9965      6.2364998E-04  2.8291999E-03  2.2056000E-03
   11.36400       879.9718      6.2994001E-04  2.4455001E-03  1.8156000E-03
   11.44200       873.9730      6.0952001E-04  2.2145000E-03  1.6049000E-03
   11.49400       870.0191      5.9836998E-04  2.0709001E-03  1.4725000E-03
   11.76500       849.9787      4.9223000E-04  1.5105000E-03  1.0183000E-03
   11.90500       839.9832      4.4701001E-04  1.3566000E-03  9.0957998E-04
   12.19500       820.0082      3.6857001E-04  1.1447000E-03  7.7610998E-04
   12.50000       800.0000      3.0781000E-04  1.0232000E-03  7.1542000E-04
   12.65800       790.0142      2.8301001E-04  9.8563998E-04  7.0262997E-04
   12.82100       779.9703      2.6042000E-04  9.5456000E-04  6.9413998E-04
   13.15800       759.9939      2.2260001E-04  9.1171998E-04  6.8911997E-04
   13.51400       739.9734      1.9187000E-04  8.8269002E-04  6.9080997E-04
   13.88900       719.9943      1.6570999E-04  8.6109003E-04  6.9537997E-04
   14.28600       699.9860      1.4151000E-04  8.2578999E-04  6.8428001E-04
   14.70600       679.9946      1.1783000E-04  8.2449999E-04  7.0668000E-04
   14.92500       670.0167      1.0703000E-04  8.3635002E-04  7.2931999E-04
   15.38500       649.9838      8.6719003E-05  9.1514998E-04  8.2843000E-04
   15.87300       630.0006      7.7308003E-05  1.1703999E-03  1.0931001E-03
   16.12900       620.0012      7.9671001E-05  1.3373001E-03  1.2576000E-03
   16.66700       599.9880      9.3998999E-05  1.6987000E-03  1.6047000E-03
   16.94900       590.0053      1.1446000E-04  1.8706000E-03  1.7561000E-03
   17.24100       580.0128      1.2945999E-04  1.8094000E-03  1.6799000E-03
   17.54400       569.9954      1.3359000E-04  1.5588000E-03  1.4252000E-03
   17.85700       560.0045      1.2396000E-04  1.2387000E-03  1.1147000E-03
   18.18200       549.9945      1.0867000E-04  9.7643997E-04  8.6777000E-04
   18.51900       539.9860      9.4424002E-05  8.0713001E-04  7.1271003E-04
   18.86800       529.9979      8.1441001E-05  7.0376002E-04  6.2231999E-04
   19.60800       509.9959      6.3457999E-05  6.2230998E-04  5.5886002E-04
   20.00000       500.0000      5.6609999E-05  6.0173002E-04  5.4511998E-04
   20.40800       490.0039      5.0631999E-05  6.0024997E-04  5.4962002E-04
   20.83300       480.0077      4.5338998E-05  6.2702002E-04  5.8167998E-04
   21.27700       469.9911      4.2653999E-05  6.8156997E-04  6.3892000E-04
   22.22200       450.0045      4.1120999E-05  6.9659000E-04  6.5546000E-04
   22.72700       440.0053      3.9147999E-05  6.4600998E-04  6.0685998E-04
   23.25600       429.9966      3.7086000E-05  5.7705003E-04  5.3997000E-04
   24.39000       410.0041      3.0237001E-05  4.1045999E-04  3.8022001E-04
   25.00000       400.0000      2.6677000E-05  3.5593001E-04  3.2925999E-04
   50.00000       200.0000      1.6132000E-06  1.5435999E-04  1.5275000E-04
   100.0000       100.0000      9.9824000E-08  7.4982003E-05  7.4882002E-05
   500.0000       20.00000      1.6238000E-10  1.4867000E-05  1.4867000E-05
   1000.000       10.00000      1.1634000E-11  7.8822004E-06  7.8822004E-06
