 1         421
  0.0000000E+00 -0.9228182    
  2.4414060E-03 -0.9228182    
  4.8828130E-03 -0.9228182    
  9.7656250E-03 -0.9228182    
  1.4648440E-02 -0.9228182    
  1.9531250E-02 -0.9228182    
  2.9296881E-02 -0.9228182    
  3.9062500E-02 -0.9228182    
  4.8828129E-02 -0.9228184    
  5.8593750E-02 -0.9228184    
  6.8359382E-02 -0.9228185    
  7.8125000E-02 -0.9228185    
  9.7656250E-02 -0.9228188    
  0.1171875     -0.9228191    
  0.1367188     -0.9228195    
  0.1562500     -0.9228199    
  0.1757813     -0.9228202    
  0.1953125     -0.9228207    
  0.2148438     -0.9228213    
  0.2343750     -0.9228219    
  0.2734375     -0.9228231    
  0.3125000     -0.9228246    
  0.3515625     -0.9228263    
  0.3906250     -0.9228282    
  0.4296875     -0.9228304    
  0.4687500     -0.9228327    
  0.5078125     -0.9228353    
  0.5468750     -0.9228380    
  0.5859375     -0.9228410    
  0.6250000     -0.9228440    
  0.6640625     -0.9228473    
  0.7031250     -0.9228509    
  0.7421875     -0.9228546    
  0.7812500     -0.9228585    
  0.8593750     -0.9228671    
  0.9375000     -0.9228764    
   1.015625     -0.9228864    
   1.093750     -0.9228973    
   1.171875     -0.9229091    
   1.250000     -0.9229215    
   1.328125     -0.9229349    
   1.406250     -0.9229489    
   1.484375     -0.9229638    
   1.562500     -0.9229797    
   1.640625     -0.9229962    
   1.718750     -0.9230134    
   1.796875     -0.9230317    
   1.875000     -0.9230508    
   2.031250     -0.9230912    
   2.187500     -0.9231346    
   2.343750     -0.9231818    
   2.500000     -0.9232318    
   2.656250     -0.9232851    
   2.812500     -0.9233415    
   2.968750     -0.9234012    
   3.125000     -0.9234642    
   3.281250     -0.9235305    
   3.437500     -0.9235999    
   3.593750     -0.9236724    
   3.750000     -0.9237486    
   3.906250     -0.9238276    
   4.062500     -0.9239100    
   4.218750     -0.9239954    
   4.375000     -0.9240842    
   4.531250     -0.9241761    
   4.687500     -0.9242715    
   4.843750     -0.9243698    
   5.000000     -0.9244714    
   5.312500     -0.9246845    
   5.625000     -0.9249104    
   5.937500     -0.9251490    
   6.250000     -0.9254006    
   6.562500     -0.9256649    
   6.875000     -0.9259422    
   7.000000     -0.9260567    
   7.500000     -0.9265351    
   8.000000     -0.9270465    
   8.500000     -0.9275905    
   9.000000     -0.9281673    
   9.500000     -0.9287767    
   10.00000     -0.9294188    
   10.50000     -0.9300933    
   11.00000     -0.9308005    
   11.50000     -0.9315401    
   12.00000     -0.9323120    
   12.50000     -0.9331162    
   13.00000     -0.9339528    
   13.50000     -0.9348217    
   14.00000     -0.9357223    
   14.50000     -0.9366554    
   15.00000     -0.9376202    
   15.50000     -0.9386169    
   16.00000     -0.9396454    
   16.50000     -0.9407055    
   17.00000     -0.9417973    
   17.50000     -0.9429203    
   18.00000     -0.9440749    
   18.50000     -0.9452608    
   19.00000     -0.9464777    
   19.50000     -0.9477258    
   20.00000     -0.9490048    
   20.50000     -0.9503144    
   21.00000     -0.9516547    
   21.50000     -0.9530256    
   22.00000     -0.9544269    
   22.50000     -0.9558583    
   23.00000     -0.9573197    
   23.50000     -0.9588111    
   24.00000     -0.9603322    
   24.50000     -0.9618829    
   25.00000     -0.9634630    
   25.50000     -0.9650723    
   26.00000     -0.9667106    
   26.50000     -0.9683779    
   27.00000     -0.9700737    
   27.50000     -0.9717978    
   28.00000     -0.9735503    
   28.50000     -0.9753307    
   29.00000     -0.9771387    
   29.50000     -0.9789745    
   30.00000     -0.9808374    
   30.50000     -0.9827272    
   31.00000     -0.9846439    
   31.50000     -0.9865872    
   32.00000     -0.9885564    
   32.50000     -0.9905517    
   33.00000     -0.9925727    
   33.50000     -0.9946189    
   34.00000     -0.9966902    
   34.50000     -0.9987861    
   35.00000      -1.000906    
   35.50000      -1.003051    
   36.00000      -1.005219    
   36.50000      -1.007410    
   37.00000      -1.009624    
   37.50000      -1.011861    
   38.00000      -1.014120    
   38.50000      -1.016401    
   39.00000      -1.018703    
   39.50000      -1.021025    
   40.00000      -1.023369    
   40.50000      -1.025732    
   41.00000      -1.028115    
   41.50000      -1.030517    
   42.00000      -1.032937    
   42.50000      -1.035376    
   43.00000      -1.037832    
   43.50000      -1.040305    
   44.00000      -1.042794    
   44.50000      -1.045299    
   45.00000      -1.047820    
   45.50000      -1.050355    
   46.00000      -1.052905    
   46.50000      -1.055468    
   47.00000      -1.058044    
   47.50000      -1.060632    
   48.00000      -1.063231    
   48.50000      -1.065842    
   49.00000      -1.068462    
   49.50000      -1.071093    
   50.00000      -1.073731    
   50.50000      -1.076378    
   51.00000      -1.079032    
   51.50000      -1.081692    
   52.00000      -1.084358    
   52.50000      -1.087029    
   53.00000      -1.089703    
   53.50000      -1.092381    
   54.00000      -1.095061    
   54.50000      -1.097742    
   55.00000      -1.100424    
   55.50000      -1.103105    
   56.00000      -1.105785    
   56.50000      -1.108463    
   57.00000      -1.111137    
   57.50000      -1.113807    
   58.00000      -1.116472    
   58.50000      -1.119130    
   59.00000      -1.121781    
   59.50000      -1.124424    
   60.00000      -1.127057    
   60.50000      -1.129679    
   61.00000      -1.132290    
   61.50000      -1.134888    
   62.00000      -1.137472    
   62.50000      -1.140042    
   63.00000      -1.142595    
   63.50000      -1.145131    
   64.00000      -1.147648    
   64.50000      -1.150145    
   65.00000      -1.152622    
   65.50000      -1.155077    
   66.00000      -1.157508    
   66.50000      -1.159915    
   67.00000      -1.162296    
   67.50000      -1.164650    
   68.00000      -1.166976    
   68.50000      -1.169272    
   69.00000      -1.171538    
   69.50000      -1.173772    
   70.00000      -1.175973    
   70.50000      -1.178139    
   71.00000      -1.180270    
   71.50000      -1.182364    
   72.00000      -1.184420    
   72.50000      -1.186437    
   73.00000      -1.188413    
   73.50000      -1.190347    
   74.00000      -1.192238    
   74.50000      -1.194086    
   75.00000      -1.195888    
   75.50000      -1.197643    
   76.00000      -1.199352    
   76.50000      -1.201011    
   77.00000      -1.202621    
   77.50000      -1.204180    
   78.00000      -1.205687    
   78.50000      -1.207141    
   79.00000      -1.208542    
   79.50000      -1.209888    
   80.00000      -1.211177    
   80.50000      -1.212410    
   81.00000      -1.213586    
   81.50000      -1.214703    
   82.00000      -1.215761    
   82.50000      -1.216759    
   83.00000      -1.217697    
   83.50000      -1.218573    
   84.00000      -1.219387    
   84.50000      -1.220139    
   85.00000      -1.220827    
   85.50000      -1.221452    
   86.00000      -1.222012    
   86.50000      -1.222508    
   87.00000      -1.222940    
   87.50000      -1.223305    
   88.00000      -1.223606    
   88.50000      -1.223840    
   89.00000      -1.224009    
   89.50000      -1.224112    
   90.00000      -1.224149    
   90.50000      -1.224119    
   91.00000      -1.224023    
   91.50000      -1.223862    
   92.00000      -1.223634    
   92.50000      -1.223341    
   93.00000      -1.222982    
   93.50000      -1.222558    
   94.00000      -1.222069    
   94.50000      -1.221515    
   95.00000      -1.220897    
   95.50000      -1.220216    
   96.00000      -1.219471    
   96.50000      -1.218664    
   97.00000      -1.217795    
   97.50000      -1.216864    
   98.00000      -1.215873    
   98.50000      -1.214822    
   99.00000      -1.213711    
   99.50000      -1.212542    
   100.0000      -1.211316    
   100.5000      -1.210033    
   101.0000      -1.208694    
   101.5000      -1.207300    
   102.0000      -1.205852    
   102.5000      -1.204352    
   103.0000      -1.202799    
   103.5000      -1.201196    
   104.0000      -1.199542    
   104.5000      -1.197841    
   105.0000      -1.196091    
   105.5000      -1.194295    
   106.0000      -1.192454    
   106.5000      -1.190569    
   107.0000      -1.188640    
   107.5000      -1.186670    
   108.0000      -1.184659    
   108.5000      -1.182609    
   109.0000      -1.180521    
   109.5000      -1.178396    
   110.0000      -1.176236    
   110.5000      -1.174040    
   111.0000      -1.171812    
   111.5000      -1.169551    
   112.0000      -1.167260    
   112.5000      -1.164940    
   113.0000      -1.162591    
   113.5000      -1.160215    
   114.0000      -1.157814    
   114.5000      -1.155388    
   115.0000      -1.152938    
   115.5000      -1.150466    
   116.0000      -1.147974    
   116.5000      -1.145462    
   117.0000      -1.142931    
   117.5000      -1.140382    
   118.0000      -1.137818    
   118.5000      -1.135238    
   119.0000      -1.132645    
   119.5000      -1.130039    
   120.0000      -1.127421    
   120.5000      -1.124792    
   121.0000      -1.122154    
   121.5000      -1.119507    
   122.0000      -1.116853    
   122.5000      -1.114193    
   123.0000      -1.111527    
   123.5000      -1.108857    
   124.0000      -1.106183    
   124.5000      -1.103507    
   125.0000      -1.100830    
   125.5000      -1.098152    
   126.0000      -1.095474    
   126.5000      -1.092798    
   127.0000      -1.090124    
   127.5000      -1.087453    
   128.0000      -1.084786    
   128.5000      -1.082124    
   129.0000      -1.079467    
   129.5000      -1.076817    
   130.0000      -1.074174    
   130.5000      -1.071538    
   131.0000      -1.068912    
   131.5000      -1.066294    
   132.0000      -1.063687    
   132.5000      -1.061091    
   133.0000      -1.058506    
   133.5000      -1.055933    
   134.0000      -1.053374    
   134.5000      -1.050827    
   135.0000      -1.048295    
   135.5000      -1.045777    
   136.0000      -1.043275    
   136.5000      -1.040788    
   137.0000      -1.038318    
   137.5000      -1.035865    
   138.0000      -1.033429    
   138.5000      -1.031011    
   139.0000      -1.028612    
   139.5000      -1.026232    
   140.0000      -1.023871    
   140.5000      -1.021530    
   141.0000      -1.019210    
   141.5000      -1.016910    
   142.0000      -1.014632    
   142.5000      -1.012376    
   143.0000      -1.010141    
   143.5000      -1.007930    
   144.0000      -1.005741    
   144.5000      -1.003575    
   145.0000      -1.001433    
   145.5000     -0.9993147    
   146.0000     -0.9972209    
   146.5000     -0.9951518    
   147.0000     -0.9931076    
   147.5000     -0.9910885    
   148.0000     -0.9890953    
   148.5000     -0.9871279    
   149.0000     -0.9851868    
   149.5000     -0.9832718    
   150.0000     -0.9813839    
   150.5000     -0.9795228    
   151.0000     -0.9776889    
   151.5000     -0.9758826    
   152.0000     -0.9741039    
   152.5000     -0.9723532    
   153.0000     -0.9706308    
   153.5000     -0.9689366    
   154.0000     -0.9672710    
   154.5000     -0.9656342    
   155.0000     -0.9640264    
   155.5000     -0.9624478    
   156.0000     -0.9608986    
   156.5000     -0.9593789    
   157.0000     -0.9578889    
   157.5000     -0.9564289    
   158.0000     -0.9549990    
   158.5000     -0.9535989    
   159.0000     -0.9522294    
   159.5000     -0.9508902    
   160.0000     -0.9495818    
   160.5000     -0.9483039    
   161.0000     -0.9470572    
   161.5000     -0.9458412    
   162.0000     -0.9446565    
   162.5000     -0.9435031    
   163.0000     -0.9423808    
   163.5000     -0.9412903    
   164.0000     -0.9402310    
   164.5000     -0.9392036    
   165.0000     -0.9382078    
   165.5000     -0.9372438    
   166.0000     -0.9363117    
   166.5000     -0.9354118    
   167.0000     -0.9345439    
   167.5000     -0.9337080    
   168.0000     -0.9329046    
   168.5000     -0.9321331    
   169.0000     -0.9313943    
   169.5000     -0.9306879    
   170.0000     -0.9300139    
   170.5000     -0.9293723    
   171.0000     -0.9287636    
   171.5000     -0.9281874    
   172.0000     -0.9276438    
   172.5000     -0.9271329    
   173.0000     -0.9266549    
   173.5000     -0.9262095    
   174.0000     -0.9257972    
   174.5000     -0.9254178    
   175.0000     -0.9250711    
   175.5000     -0.9247574    
   176.0000     -0.9244766    
   176.5000     -0.9242288    
   177.0000     -0.9240142    
   177.5000     -0.9238323    
   178.0000     -0.9236835    
   178.5000     -0.9235678    
   179.0000     -0.9234853    
   179.5000     -0.9234358    
   180.0000     -0.9234192    
