 2500.   0.200000E-02
 2600.   0.200000E-02
 2700.   0.200000E-02
 2800.   0.200000E-02
 2900.   0.200000E-02
 3000.   0.200000E-02
 3100.   0.200000E-02
 3200.   0.200000E-02
 3300.   0.200000E-02
 3400.   0.200000E-02
 3500.   0.200000E-02
 3600.   0.220250E-02
 3700.   0.366250E-02
 3800.   0.405100E-02
 3900.   0.500000E-02
 4000.   0.500000E-02
 4100.   0.580400E-02
 4200.   0.788000E-02
 4300.   0.130000E-01
 4400.   0.127800E-01
 4500.   0.891400E-02
 4600.   0.702200E-02
 4700.   0.700000E-02
 4800.   0.700000E-02
 4900.   0.700000E-02
 5000.   0.700000E-02
 5100.   0.716150E-02
 5200.   0.790250E-02
 5300.   0.287570E-01
 5400.   0.366540E-01
 5500.   0.246660E-01
 5600.   0.192400E-01
 5700.   0.153625E-01
 5800.   0.135775E-01
 5900.   0.114820E-01
 6000.   0.923800E-02
 6100.   0.852800E-02
 6200.   0.800000E-02
 6300.   0.750400E-02
 6400.   0.700800E-02
 6500.   0.700000E-02
 6600.   0.700000E-02
 6700.   0.124375E-01
 6800.   0.189625E-01
 6900.   0.441340E-01
 7000.   0.855460E-01
 7100.   0.124891E+00
 7200.   0.137365E+00
 7300.   0.149839E+00
 7400.   0.157449E+00
 7500.   0.158502E+00
 7600.   0.159554E+00
 7700.   0.159625E+00
 7800.   0.158975E+00
 7900.   0.158325E+00
 8000.   0.170450E+00
 8100.   0.195350E+00
 8200.   0.220250E+00
 8300.   0.249142E+00
 8400.   0.297994E+00
 8500.   0.346846E+00
 8600.   0.395698E+00
 8700.   0.423638E+00
 8800.   0.434011E+00
 8900.   0.444384E+00
 9000.   0.454756E+00
 9100.   0.453950E+00
 9200.   0.445403E+00
 9300.   0.436855E+00
 9400.   0.428308E+00
 9500.   0.423540E+00
 9600.   0.429420E+00
 9700.   0.435300E+00
 9800.   0.441180E+00
 9900.   0.447060E+00
10000.   0.464060E+00
10100.   0.492180E+00
10200.   0.520300E+00
10300.   0.548420E+00
10400.   0.576540E+00
10500.   0.599985E+00
10600.   0.608364E+00
10700.   0.616742E+00
10800.   0.625121E+00
10900.   0.633501E+00
11000.   0.641879E+00
11100.   0.652295E+00
11200.   0.665913E+00
11300.   0.679529E+00
11400.   0.693147E+00
11500.   0.706764E+00
11600.   0.720380E+00
11700.   0.733998E+00
11800.   0.739364E+00
11900.   0.743308E+00
12000.   0.747252E+00
12100.   0.751196E+00
12200.   0.755140E+00
12300.   0.759084E+00
12400.   0.763028E+00
12500.   0.768180E+00
12600.   0.774540E+00
12700.   0.780900E+00
12800.   0.787260E+00
12900.   0.793620E+00
13000.   0.799980E+00
13100.   0.806340E+00
13200.   0.812700E+00
13300.   0.818630E+00
13400.   0.822410E+00
13500.   0.826190E+00
13600.   0.829970E+00
13700.   0.833750E+00
13800.   0.837530E+00
13900.   0.841310E+00
14000.   0.845090E+00
14100.   0.848870E+00
14200.   0.852650E+00
14300.   0.855170E+00
14400.   0.859720E+00
14800.   0.867000E+00
15200.   0.874144E+00
15600.   0.877888E+00
16000.   0.881632E+00
16400.   0.885376E+00
16800.   0.887100E+00
17200.   0.888420E+00
17600.   0.889740E+00
18000.   0.891000E+00
18400.   0.891000E+00
18800.   0.891000E+00
19200.   0.891000E+00
19600.   0.891000E+00
20000.   0.890910E+00
20400.   0.890730E+00
20800.   0.890550E+00
21200.   0.890370E+00
21600.   0.890190E+00
22000.   0.890010E+00
22400.   0.889592E+00
22800.   0.889160E+00
23200.   0.888728E+00
23600.   0.888296E+00
24000.   0.887864E+00
24400.   0.887432E+00
24800.   0.887000E+00
25200.   0.885096E+00
25600.   0.883192E+00
26000.   0.881288E+00
26400.   0.879384E+00
26800.   0.877480E+00
27200.   0.875576E+00
27600.   0.873672E+00
28000.   0.871768E+00
28400.   0.869850E+00
28800.   0.867750E+00
29200.   0.865650E+00
29600.   0.863550E+00
30000.   0.861450E+00
30400.   0.859350E+00
30800.   0.857250E+00
31200.   0.855150E+00
31600.   0.853050E+00
32000.   0.850950E+00
32400.   0.848850E+00
32800.   0.846750E+00
33200.   0.845000E+00
33600.   0.845000E+00
34000.   0.845000E+00
34400.   0.845000E+00
34800.   0.845000E+00
35200.   0.845000E+00
35600.   0.845000E+00
36000.   0.845000E+00
36400.   0.845000E+00
36800.   0.845000E+00
37200.   0.845000E+00
37600.   0.845000E+00
38000.   0.845000E+00
38400.   0.845000E+00
38800.   0.845000E+00
39200.   0.845000E+00
39600.   0.845000E+00
40000.   0.845000E+00
40400.   0.845000E+00
40800.   0.845000E+00
41200.   0.845000E+00
41600.   0.845000E+00
42000.   0.845000E+00
42400.   0.845000E+00
42800.   0.845000E+00
43200.   0.845000E+00
43600.   0.845000E+00
44000.   0.845000E+00
44400.   0.845000E+00
44800.   0.845000E+00
45200.   0.845000E+00
45600.   0.845000E+00
46000.   0.845000E+00
46400.   0.845000E+00
46800.   0.845000E+00
47200.   0.845000E+00
47600.   0.845000E+00
48000.   0.845000E+00
48400.   0.845000E+00
48800.   0.845000E+00
49200.   0.845000E+00
49600.   0.845000E+00
