  54.0  0.2533E-14  0.2533E-14  0.2533E-14  0.479E-13  0.479E-13  0.2803E-44  0.2803E-44  0.2803E-44  0.130E-35  0.130E-35
  56.0  0.1873E-11  0.7582E-19  0.4377E-19  0.479E-13  0.479E-13  0.5092E-34  0.0000E+00  0.2803E-44  0.130E-35  0.130E-35
  58.0  0.5106E-09  0.2547E-22  0.3964E-23  0.165E-10  0.165E-10  0.5061E-26  0.0000E+00  0.2803E-44  0.164E-27  0.164E-27
  60.0  0.5078E-07  0.6210E-25  0.1915E-26  0.219E-08  0.219E-08  0.6302E-20  0.0000E+00  0.1401E-44  0.274E-21  0.274E-21
  62.0  0.1847E-05  0.7432E-27  0.4911E-29  0.105E-06  0.105E-06  0.2371E-15  0.0000E+00  0.0000E+00  0.138E-16  0.138E-16
  64.0  0.2814E-04  0.3022E-28  0.5341E-31  0.213E-05  0.213E-05  0.7413E-12  0.0000E+00  0.0000E+00  0.599E-13  0.599E-13
  66.0  0.2148E-03  0.3081E-29  0.1830E-32  0.217E-04  0.217E-04  0.4162E-09  0.0000E+00  0.0000E+00  0.484E-10  0.484E-10
  68.0  0.9619E-03  0.6266E-30  0.1519E-33  0.122E-03  0.122E-03  0.5156E-07  0.0000E+00  0.0000E+00  0.837E-08  0.837E-08
  70.0  0.2907E-02  0.2108E-30  0.2422E-34  0.464E-03  0.464E-03  0.1694E-05  0.0000E+00  0.0000E+00  0.392E-06  0.392E-06
  72.0  0.6759E-02  0.9926E-31  0.5969E-35  0.134E-02  0.134E-02  0.2127E-04  0.0000E+00  0.0000E+00  0.680E-05  0.680E-05
  74.0  0.1298E-01  0.5912E-31  0.2021E-35  0.312E-02  0.312E-02  0.1329E-03  0.0000E+00  0.0000E+00  0.560E-04  0.560E-04
  76.0  0.2155E-01  0.4150E-31  0.8709E-36  0.629E-02  0.629E-02  0.5083E-03  0.0000E+00  0.0000E+00  0.275E-03  0.275E-03
  78.0  0.3205E-01  0.3266E-31  0.4505E-36  0.116E-01  0.116E-01  0.1383E-02  0.0000E+00  0.0000E+00  0.965E-03  0.965E-03
  80.0  0.4393E-01  0.2779E-31  0.2670E-36  0.193E-01  0.193E-01  0.2957E-02  0.0000E+00  0.0000E+00  0.256E-02  0.256E-02
  82.0  0.5672E-01  0.2494E-31  0.1747E-36  0.311E-01  0.311E-01  0.5309E-02  0.0000E+00  0.0000E+00  0.572E-02  0.572E-02
  84.0  0.7003E-01  0.2322E-31  0.1231E-36  0.488E-01  0.488E-01  0.8352E-02  0.0000E+00  0.0000E+00  0.112E-01  0.112E-01
  86.0  0.8345E-01  0.2218E-31  0.9204E-37  0.770E-01  0.770E-01  0.1189E-01  0.0000E+00  0.0000E+00  0.203E-01  0.203E-01
  88.0  0.9651E-01  0.2155E-31  0.7229E-37  0.120E+00  0.120E+00  0.1568E-01  0.0000E+00  0.0000E+00  0.347E-01  0.347E-01
  90.0  0.1089E+00  0.2117E-31  0.5918E-37  0.186E+00  0.186E+00  0.1950E-01  0.0000E+00  0.0000E+00  0.576E-01  0.576E-01
  92.0  0.1204E+00  0.2095E-31  0.5010E-37  0.290E+00  0.290E+00  0.2319E-01  0.0000E+00  0.0000E+00  0.930E-01  0.930E-01
  94.0  0.1309E+00  0.2082E-31  0.4357E-37  0.455E+00  0.455E+00  0.2663E-01  0.0000E+00  0.0000E+00  0.149E+00  0.149E+00
  96.0  0.1405E+00  0.2075E-31  0.3875E-37  0.714E+00  0.714E+00  0.2979E-01  0.0000E+00  0.0000E+00  0.236E+00  0.236E+00
  98.0  0.1490E+00  0.2070E-31  0.3516E-37  0.110E+01  0.110E+01  0.3264E-01  0.0000E+00  0.0000E+00  0.371E+00  0.371E+00
 100.0  0.1562E+00  0.2068E-31  0.3251E-37  0.165E+01  0.165E+01  0.3515E-01  0.0000E+00  0.0000E+00  0.575E+00  0.575E+00
 102.0  0.1623E+00  0.2067E-31  0.3051E-37  0.244E+01  0.244E+01  0.3737E-01  0.0000E+00  0.0000E+00  0.890E+00  0.890E+00
 104.0  0.1676E+00  0.2066E-31  0.2891E-37  0.362E+01  0.362E+01  0.3941E-01  0.0000E+00  0.0000E+00  0.138E+01  0.138E+01
 106.0  0.1723E+00  0.2065E-31  0.2763E-37  0.499E+01  0.499E+01  0.4124E-01  0.0000E+00  0.0000E+00  0.196E+01  0.196E+01
 108.0  0.1763E+00  0.2065E-31  0.2660E-37  0.755E+01  0.755E+01  0.4282E-01  0.0000E+00  0.0000E+00  0.300E+01  0.300E+01
 110.0  0.1796E+00  0.2065E-31  0.2578E-37  0.108E+02  0.108E+02  0.4416E-01  0.0000E+00  0.0000E+00  0.430E+01  0.430E+01
 112.0  0.1824E+00  0.2065E-31  0.2512E-37  0.167E+02  0.167E+02  0.4527E-01  0.0000E+00  0.0000E+00  0.659E+01  0.659E+01
 116.0  0.1878E+00  0.2065E-31  0.2394E-37  0.366E+02  0.366E+02  0.4714E-01  0.0000E+00  0.0000E+00  0.128E+02  0.128E+02
 120.0  0.1926E+00  0.2065E-31  0.2297E-37  0.116E+03  0.116E+03  0.4864E-01  0.0000E+00  0.0000E+00  0.363E+02  0.363E+02
 124.0  0.1949E+00  0.2065E-31  0.2252E-37  0.232E+03  0.232E+03  0.4990E-01  0.0000E+00  0.0000E+00  0.127E+03  0.127E+03
 128.0  0.1955E+00  0.2065E-31  0.2239E-37  0.283E+03  0.283E+03  0.5043E-01  0.0000E+00  0.0000E+00  0.234E+03  0.234E+03
 132.0  0.1957E+00  0.2065E-31  0.2236E-37  0.297E+03  0.297E+03  0.5059E-01  0.0000E+00  0.0000E+00  0.281E+03  0.281E+03
 136.0  0.1957E+00  0.2065E-31  0.2235E-37  0.310E+03  0.310E+03  0.5064E-01  0.0000E+00  0.0000E+00  0.303E+03  0.303E+03
 140.0  0.1958E+00  0.2065E-31  0.2235E-37  0.339E+03  0.339E+03  0.5066E-01  0.0000E+00  0.0000E+00  0.337E+03  0.337E+03
 144.0  0.1958E+00  0.2065E-31  0.2235E-37  0.400E+03  0.400E+03  0.5067E-01  0.0000E+00  0.0000E+00  0.401E+03  0.401E+03
 148.0  0.1958E+00  0.2065E-31  0.2234E-37  0.479E+03  0.479E+03  0.5067E-01  0.0000E+00  0.0000E+00  0.490E+03  0.490E+03
