   120.50000     0.04861
   121.50000     6.37341
   122.50000     0.05862
   123.50000     0.03857
   124.50000     0.03274
   125.50000     0.02810
   126.50000     0.04339
   127.50000     0.02205
   128.50000     0.01794
   129.50000     0.02099
   130.50000     0.15591
   131.50000     0.02876
   132.50000     0.02124
   133.50000     0.20013
   134.50000     0.01954
   135.50000     0.04568
   136.50000     0.02872
   137.50000     0.03055
   138.50000     0.03068
   139.50000     0.07941
   140.50000     0.07413
   141.50000     0.04381
   142.50000     0.04745
   143.50000     0.05555
   144.50000     0.05382
   145.50000     0.05785
   146.50000     0.07245
   147.50000     0.08557
   148.50000     0.08864
   149.50000     0.08081
   150.50000     0.09037
   151.50000     0.09738
   152.50000     0.11970
   153.50000     0.13808
   154.50000     0.23493
   155.50000     0.18874
   156.50000     0.19364
   157.50000     0.17728
   158.50000     0.17526
   159.50000     0.17480
   160.50000     0.19737
   161.50000     0.23274
   162.50000     0.26454
   163.50000     0.28715
   164.50000     0.31170
   165.50000     0.52529
   166.50000     0.35145
   167.50000     0.40631
   168.50000     0.46321
   169.50000     0.60163
   170.50000     0.70005
   171.50000     0.69399
   172.50000     0.74998
   173.50000     0.75012
   174.50000     0.92283
   175.50000     1.12998
   176.50000     1.21773
   177.50000     1.44385
   178.50000     1.62195
   179.50000     1.59045
   180.50000     1.92483
   181.50000     2.38159
   182.50000     2.24044
   183.50000     2.37979
   184.50000     2.07217
   185.50000     2.33220
   186.50000     2.70996
   187.50000     3.12169
   188.50000     3.31431
   189.50000     3.70905
   190.50000     3.84967
   191.50000     4.20204
   192.50000     4.46003
   193.50000     3.38637
   194.50000     5.57405
   195.50000     5.50063
   196.50000     6.07049
   197.50000     6.23614
   198.50000     6.27591
   199.50000     6.75553
   200.50000     7.39852
   201.50000     8.18956
   202.50000     8.09260
   203.50000     9.35014
   204.50000    10.43083
   205.50000    10.81475
   206.50000    11.14828
   207.50000    12.88986
   208.50000    14.72777
   209.50000    21.41655
   210.50000    28.44083
   211.50000    35.22144
   212.50000    31.87817
   213.50000    31.13696
   214.50000    43.06936
   215.50000    34.87921
   216.50000    32.98853
   217.50000    32.80786
   218.50000    46.08560
   219.50000    47.65937
   220.50000    49.48358
   221.50000    34.57812
   222.50000    49.44791
   223.50000    65.53302
   224.50000    59.17155
   225.50000    51.94500
   226.50000    38.36032
   227.50000    37.20021
   228.50000    54.42312
   229.50000    46.37577
   230.50000    54.46176
   231.50000    47.30362
   232.50000    52.84182
   233.50000    43.36334
   234.50000    34.30174
   235.50000    55.09067
   236.50000    44.65471
   237.50000    53.51161
   238.50000    37.42249
   239.50000    44.26636
   240.50000    39.41818
   241.50000    46.77403
   242.50000    72.76494
   243.50000    64.18968
   244.50000    62.82056
   245.50000    48.30482
   246.50000    47.82838
   247.50000    56.48259
   248.50000    43.68727
   249.50000    55.79633
   250.50000    58.66383
   251.50000    44.83067
   252.50000    38.97277
   253.50000    50.58919
   254.50000    55.59150
   255.50000    79.69348
   256.50000    99.72501
   257.50000   123.23995
   258.50000   130.21466
   259.50000   105.67245
   260.50000    84.94873
   261.50000    84.53796
   262.50000   105.83056
   263.50000   169.44858
   264.50000   263.79820
   265.50000   262.19155
   266.50000   247.23100
   267.50000   252.24505
   268.50000   246.66818
   269.50000   228.22150
   270.50000   278.58210
   271.50000   231.44567
   272.50000   192.22419
   273.50000   216.25101
   274.50000   118.10972
   275.50000   168.64545
   276.50000   249.97356
   277.50000   246.44830
   278.50000   158.79918
   279.50000    71.84234
   280.50000    80.88208
   281.50000   217.18529
   282.50000   296.34748
   283.50000   323.08539
   284.50000   257.04345
   285.50000   128.53448
   286.50000   339.29585
   287.50000   367.72624
   288.50000   309.41888
   289.50000   463.70288
   290.50000   622.76943
   291.50000   591.55987
   292.50000   494.96325
   293.50000   557.79381
   294.50000   495.07543
   295.50000   560.96035
   296.50000   508.58714
   297.50000   547.75252
   298.50000   416.17513
   299.50000   525.96377
   300.50000   388.78271
   301.50000   487.40229
   302.50000   463.38656
   303.50000   652.54100
   304.50000   604.52343
   305.50000   614.07472
   306.50000   565.00188
   307.50000   654.02445
   308.50000   656.28328
   309.50000   498.47194
   310.50000   659.36685
   311.50000   778.48877
   312.50000   672.97133
   313.50000   726.70009
   314.50000   664.14768
   315.50000   680.84667
   316.50000   619.43869
   317.50000   858.81828
   318.50000   657.37860
   319.50000   721.11741
   320.50000   886.87493
   321.50000   700.26135
   322.50000   730.54637
   323.50000   678.20534
   324.50000   809.16136
   325.50000   902.44651
   326.50000  1024.49250
   327.50000   990.30611
   328.50000   916.60231
   329.50000  1121.70130
   330.50000  1031.09900
   331.50000  1016.49580
   332.50000   982.23472
   333.50000   936.89180
   334.50000   998.14691
   335.50000  1012.91167
   336.50000   798.31156
   337.50000   872.65604
   338.50000   933.29521
   339.50000   967.73438
   340.50000  1064.84123
   341.50000   929.73073
   342.50000  1030.44927
   343.50000  1031.51620
   344.50000   740.78778
   345.50000  1007.42330
   346.50000   931.06797
   347.50000   920.01313
   348.50000   955.56020
   349.50000   857.99427
   350.50000  1129.79137
   351.50000  1004.23960
   352.50000   895.81654
   353.50000  1077.18207
   354.50000  1141.71257
   355.50000  1066.35153
   356.50000   949.37919
   357.50000   859.07861
   358.50000   638.60476
   359.50000  1089.45893
   360.50000  1024.16177
   361.50000   904.20542
   362.50000  1029.80743
   363.50000   969.16866
   364.50000  1042.41913
   365.50000  1192.08860
   366.50000  1264.84457
   367.50000  1215.41860
   368.50000  1080.50197
   369.50000  1266.84190
   370.50000  1119.59197
   371.50000  1290.32590
   372.50000  1061.75373
   373.50000   913.53502
   374.50000   929.05796
   375.50000  1112.23083
   376.50000  1088.52617
   377.50000  1307.52733
   378.50000  1399.34773
   379.50000  1065.91303
   380.50000  1243.69860
   381.50000  1126.88297
   382.50000   804.71493
   383.50000   668.43160
   384.50000   966.35293
   385.50000  1013.48360
   386.50000  1022.73350
   387.50000   996.09911
   388.50000   954.83843
   389.50000  1218.29727
   390.50000  1243.03997
   391.50000  1442.92207
   392.50000  1087.26800
   393.50000   470.45316
   394.50000  1089.11820
   395.50000  1405.60940
   396.50000   744.45818
   397.50000   833.26700
   398.50000  1586.07210
   399.50000  1701.35193
   400.50000  1704.11360
   401.50000  1847.40960
   402.50000  1870.68497
   403.50000  1826.57443
   404.50000  1779.69450
   405.50000  1724.81263
   406.50000  1674.98347
   407.50000  1693.44840
   408.50000  1712.00413
   409.50000  1721.55837
   410.50000  1590.24383
   411.50000  1650.26940
   412.50000  1710.26527
   413.50000  1770.26887
   414.50000  1772.01447
   415.50000  1771.27043
   416.50000  1788.93547
   417.50000  1748.31467
   418.50000  1742.51623
   419.50000  1739.15817
   420.50000  1776.92100
   421.50000  1806.18103
   422.50000  1739.54780
   423.50000  1713.78203
   424.50000  1750.82053
   425.50000  1733.85990
   426.50000  1721.98297
   427.50000  1653.71857
   428.50000  1648.34360
   429.50000  1491.76440
   430.50000  1241.96487
   431.50000  1534.85920
   432.50000  1692.19867
   433.50000  1666.14953
   434.50000  1627.43793
   435.50000  1744.91310
   436.50000  1838.20373
   437.50000  1777.28883
   438.50000  1704.46197
   439.50000  1771.44713
   440.50000  1844.13707
   441.50000  1909.61453
   442.50000  1963.47610
   443.50000  1964.53990
   444.50000  1961.66717
   445.50000  1924.39380
   446.50000  1907.71550
   447.50000  2015.09160
   448.50000  2035.49773
   449.50000  2051.62630
   450.50000  2139.19087
   451.50000  2144.48577
   452.50000  2039.47927
   453.50000  1983.22823
   454.50000  2069.94950
   455.50000  2079.71100
   456.50000  2132.06463
   457.50000  2128.61777
   458.50000  2072.05517
   459.50000  2055.11700
   460.50000  2083.16563
   461.50000  2111.90487
   462.50000  2127.99990
   463.50000  2100.15063
   464.50000  2049.72513
   465.50000  2046.02840
   466.50000  2026.08277
   467.50000  2011.51407
   468.50000  2043.63093
   469.50000  2024.82860
   470.50000  1991.80893
   471.50000  2037.36513
   472.50000  2096.40010
   473.50000  2065.52380
   474.50000  2107.03140
   475.50000  2102.08777
   476.50000  2069.81793
   477.50000  2120.31930
   478.50000  2115.89887
   479.50000  2110.74233
   480.50000  2096.84513
   481.50000  2109.03670
   482.50000  2086.24853
   483.50000  2055.87740
   484.50000  2027.98483
   485.50000  1842.03687
   486.50000  1737.08600
   487.50000  1877.21450
   488.50000  1932.67640
   489.50000  2008.45557
   490.50000  2034.08270
   491.50000  1959.73857
   492.50000  1952.11310
   493.50000  1972.54440
   494.50000  2016.84453
   495.50000  2014.53087
   496.50000  2004.12973
   497.50000  1985.32387
   498.50000  1949.61833
   499.50000  1943.60323
   500.50000  1909.72200
   501.50000  1868.98920
   502.50000  1905.97723
   503.50000  1939.26320
   504.50000  1928.65277
   505.50000  1996.87350
   506.50000  2024.98460
   507.50000  1992.54223
   508.50000  1960.13133
   509.50000  1926.39320
   510.50000  1902.57517
   511.50000  1937.50940
   512.50000  1914.05573
   513.50000  1865.33830
   514.50000  1839.22990
   515.50000  1864.70173
   516.50000  1734.03553
   517.50000  1628.55833
   518.50000  1687.99160
   519.50000  1804.40723
   520.50000  1835.31370
   521.50000  1866.68390
   522.50000  1826.84993
   523.50000  1856.76987
   524.50000  1910.74000
   525.50000  1887.41230
   526.50000  1725.87683
   527.50000  1764.89473
   528.50000  1875.90867
   529.50000  1892.16480
   530.50000  1916.95807
   531.50000  1918.44043
   532.50000  1894.74703
   533.50000  1866.03073
   534.50000  1869.65730
   535.50000  1922.80093
   536.50000  1877.03530
   537.50000  1874.82433
   538.50000  1885.04680
   539.50000  1840.45337
   540.50000  1801.73590
   541.50000  1838.96967
   542.50000  1858.30333
   543.50000  1871.94107
   544.50000  1886.27617
   545.50000  1888.72480
   546.50000  1887.01467
   547.50000  1862.90470
   548.50000  1869.91107
   549.50000  1890.11647
   550.50000  1878.48237
   551.50000  1883.15433
   552.50000  1878.11760
   553.50000  1870.65033
   554.50000  1887.63963
   555.50000  1876.27273
   556.50000  1835.80493
   557.50000  1811.51593
   558.50000  1786.14597
   559.50000  1760.29453
   560.50000  1801.35443
   561.50000  1815.95837
   562.50000  1793.29360
   563.50000  1800.29760
   564.50000  1803.11420
   565.50000  1785.49983
   566.50000  1784.68527
   567.50000  1814.41023
   568.50000  1798.24577
   569.50000  1791.69273
   570.50000  1772.02530
   571.50000  1773.24253
   572.50000  1840.33540
   573.50000  1847.42873
   574.50000  1829.81827
   575.50000  1801.16123
   576.50000  1806.87570
   577.50000  1808.59223
   578.50000  1782.29607
   579.50000  1794.21527
   580.50000  1808.68260
   581.50000  1815.58593
   582.50000  1832.08857
   583.50000  1832.10907
   584.50000  1817.03063
   585.50000  1782.76247
   586.50000  1777.63667
   587.50000  1800.41457
   588.50000  1729.80693
   589.50000  1654.80440
   590.50000  1733.08133
   591.50000  1772.50007
   592.50000  1774.85473
   593.50000  1770.67670
   594.50000  1774.87370
   595.50000  1765.43097
   596.50000  1776.07367
   597.50000  1772.48797
   598.50000  1754.80870
   599.50000  1753.10087
   600.50000  1740.31697
   601.50000  1717.93777
   602.50000  1723.56017
   603.50000  1753.27857
   604.50000  1757.96383
   605.50000  1746.28957
   606.50000  1738.03143
   607.50000  1729.27573
   608.50000  1711.23667
   609.50000  1700.24370
   610.50000  1699.29420
   611.50000  1700.45070
   612.50000  1690.87380
   613.50000  1668.18570
   614.50000  1665.39550
   615.50000  1650.70827
   616.50000  1618.47833
   617.50000  1642.31947
   618.50000  1665.38233
   619.50000  1674.28407
   620.50000  1688.05103
   621.50000  1674.99913
   622.50000  1663.19390
   623.50000  1652.53400
   624.50000  1636.28610
   625.50000  1629.16793
   626.50000  1659.95803
   627.50000  1678.96443
   628.50000  1678.47530
   629.50000  1657.97227
   630.50000  1648.90877
   631.50000  1624.08757
   632.50000  1643.00053
   633.50000  1632.76973
   634.50000  1637.07543
   635.50000  1635.26840
   636.50000  1629.74753
   637.50000  1651.11183
   638.50000  1649.04873
   639.50000  1614.95923
   640.50000  1601.16303
   641.50000  1593.47673
   642.50000  1609.25657
   643.50000  1602.83470
   644.50000  1603.99530
   645.50000  1589.17320
   646.50000  1590.16813
   647.50000  1600.38803
   648.50000  1594.81670
   649.50000  1546.56480
   650.50000  1600.32033
   651.50000  1607.52847
   652.50000  1583.28303
   653.50000  1569.34557
   654.50000  1543.78293
   655.50000  1441.10937
   656.50000  1323.38320
   657.50000  1463.60333
   658.50000  1533.47457
   659.50000  1537.74810
   660.50000  1549.98597
   661.50000  1557.98253
   662.50000  1551.71873
   663.50000  1532.20090
   664.50000  1535.43410
   665.50000  1538.37420
   666.50000  1528.72260
   667.50000  1523.76117
   668.50000  1532.58510
   669.50000  1527.73423
   670.50000  1521.05440
   671.50000  1512.91170
   672.50000  1507.42007
   673.50000  1503.62223
   674.50000  1500.00883
   675.50000  1496.55017
   676.50000  1493.29680
   677.50000  1490.23730
   678.50000  1487.35993
   679.50000  1484.62520
   680.50000  1482.11130
   681.50000  1479.78230
   682.50000  1477.62010
   683.50000  1475.64573
   684.50000  1473.86410
   685.50000  1472.26477
   686.50000  1470.82297
   687.50000  1469.56510
   688.50000  1471.00800
   689.50000  1477.84147
   690.50000  1479.37653
   691.50000  1470.87723
   692.50000  1464.83170
   693.50000  1466.40893
   694.50000  1457.34617
   695.50000  1455.13530
   696.50000  1458.65337
   697.50000  1438.00233
   698.50000  1454.65237
   699.50000  1457.71160
