   120.50000     0.00281
   121.50000     7.20987
   122.50000     0.21155
   123.50000     0.04008
   124.50000     0.01543
   125.50000     0.02767
   126.50000     0.04329
   127.50000     0.02278
   128.50000     0.01899
   129.50000     0.02301
   130.50000     0.19510
   131.50000     0.03615
   132.50000     0.02156
   133.50000     0.30492
   134.50000     0.01991
   135.50000     0.04552
   136.50000     0.03337
   137.50000     0.03240
   138.50000     0.03236
   139.50000     0.08757
   140.50000     0.07088
   141.50000     0.04826
   142.50000     0.05457
   143.50000     0.05672
   144.50000     0.05755
   145.50000     0.06154
   146.50000     0.06994
   147.50000     0.09680
   148.50000     0.09123
   149.50000     0.08402
   150.50000     0.09387
   151.50000     0.10277
   152.50000     0.12207
   153.50000     0.13884
   154.50000     0.14507
   155.50000     0.27876
   156.50000     0.23779
   157.50000     0.20998
   158.50000     0.17887
   159.50000     0.19342
   160.50000     0.19144
   161.50000     0.21181
   162.50000     0.23956
   163.50000     0.26088
   164.50000     0.29079
   165.50000     0.44636
   166.50000     0.35435
   167.50000     0.37230
   168.50000     0.40795
   169.50000     0.54002
   170.50000     0.63729
   171.50000     0.63795
   172.50000     0.68701
   173.50000     0.72325
   174.50000     0.83360
   175.50000     1.02884
   176.50000     1.14887
   177.50000     1.36819
   178.50000     1.52145
   179.50000     1.54139
   180.50000     2.03226
   181.50000     2.40438
   182.50000     2.35755
   183.50000     2.47881
   184.50000     2.24686
   185.50000     2.54364
   186.50000     2.82716
   187.50000     3.17454
   188.50000     3.30711
   189.50000     3.83504
   190.50000     3.89214
   191.50000     4.18384
   192.50000     4.59313
   193.50000     2.85135
   194.50000     5.75377
   195.50000     5.54189
   196.50000     6.14136
   197.50000     6.34228
   198.50000     6.33454
   199.50000     6.86628
   200.50000     7.18038
   201.50000     8.06773
   202.50000     7.92019
   203.50000     9.40355
   204.50000    10.00757
   205.50000    10.47399
   206.50000    10.47118
   207.50000    12.17586
   208.50000    13.19291
   209.50000    18.26226
   210.50000    28.14353
   211.50000    28.43944
   212.50000    30.69110
   213.50000    33.19721
   214.50000    36.71591
   215.50000    36.58791
   216.50000    31.96637
   217.50000    32.79332
   218.50000    39.97553
   219.50000    42.78123
   220.50000    51.08982
   221.50000    34.38948
   222.50000    42.59141
   223.50000    60.00613
   224.50000    57.65736
   225.50000    47.28069
   226.50000    41.65582
   227.50000    35.71948
   228.50000    48.13950
   229.50000    44.91417
   230.50000    43.65994
   231.50000    51.06421
   232.50000    44.79575
   233.50000    44.71241
   234.50000    34.95235
   235.50000    48.05984
   236.50000    41.39634
   237.50000    44.67373
   238.50000    39.58580
   239.50000    40.20332
   240.50000    37.56324
   241.50000    41.32106
   242.50000    64.15321
   243.50000    61.99654
   244.50000    57.98323
   245.50000    49.85479
   246.50000    48.73394
   247.50000    52.21909
   248.50000    48.29527
   249.50000    44.62014
   250.50000    59.00157
   251.50000    51.77247
   252.50000    34.36704
   253.50000    46.16796
   254.50000    55.14314
   255.50000    70.29155
   256.50000    83.37592
   257.50000   115.12093
   258.50000   112.56090
   259.50000   131.16968
   260.50000    77.66385
   261.50000    81.76973
   262.50000   100.46931
   263.50000   117.87875
   264.50000   219.08807
   265.50000   269.06882
   266.50000   219.47362
   267.50000   257.22290
   268.50000   241.58099
   269.50000   210.21513
   270.50000   257.96332
   271.50000   268.40161
   272.50000   167.42383
   273.50000   227.14061
   274.50000   128.97235
   275.50000   145.49149
   276.50000   235.18588
   277.50000   262.41827
   278.50000   163.35895
   279.50000   142.64882
   280.50000    98.76443
   281.50000   174.61734
   282.50000   264.26544
   283.50000   316.79150
   284.50000   310.67386
   285.50000    92.69444
   286.50000   265.51459
   287.50000   382.00021
   288.50000   289.22232
   289.50000   403.56940
   290.50000   569.30164
   291.50000   570.27032
   292.50000   555.61499
   293.50000   539.09222
   294.50000   540.83417
   295.50000   503.05551
   296.50000   551.01019
   297.50000   460.83649
   298.50000   430.53287
   299.50000   520.66406
   300.50000   439.84909
   301.50000   464.95865
   302.50000   394.11615
   303.50000   680.79736
   304.50000   599.60358
   305.50000   663.52155
   306.50000   533.04901
   307.50000   647.48901
   308.50000   717.14850
   309.50000   540.00525
   310.50000   508.42273
   311.50000   817.74451
   312.50000   604.56244
   313.50000   700.64178
   314.50000   686.62622
   315.50000   763.60706
   316.50000   581.22473
   317.50000   745.07910
   318.50000   594.39795
   319.50000   747.23828
   320.50000   877.60376
   321.50000   775.66364
   322.50000   744.33307
   323.50000   655.05432
   324.50000   863.29346
   325.50000   856.91272
   326.50000  1103.59497
   327.50000  1026.23535
   328.50000   957.73859
   329.50000  1080.57910
   330.50000  1061.87976
   331.50000   943.00446
   332.50000  1103.87744
   333.50000   980.95575
   334.50000  1026.99231
   335.50000   968.79004
   336.50000   779.24255
   337.50000   784.02124
   338.50000   927.25287
   339.50000   892.54999
   340.50000  1017.22968
   341.50000   819.21313
   342.50000   919.64117
   343.50000   942.46350
   344.50000   814.74176
   345.50000  1118.84924
   346.50000  1019.50958
   347.50000   982.96747
   348.50000  1108.92981
   349.50000  1033.32043
   350.50000  1142.36865
   351.50000  1042.31470
   352.50000  1099.88062
   353.50000  1008.86414
   354.50000  1116.83899
   355.50000  1146.34241
   356.50000  1113.47620
   357.50000   718.31696
   358.50000   787.42181
   359.50000   798.20856
   360.50000  1140.11694
   361.50000   903.58679
   362.50000  1003.30963
   363.50000  1063.91772
   364.50000  1083.29980
   365.50000  1029.27417
   366.50000  1380.92468
   367.50000  1222.29138
   368.50000  1204.54407
   369.50000  1194.43994
   370.50000  1267.49646
   371.50000  1092.32397
   372.50000  1189.44019
   373.50000  1186.22107
   374.50000   975.47119
   375.50000   876.24182
   376.50000  1213.17163
   377.50000  1213.63318
   378.50000  1508.17041
   379.50000  1190.85327
   380.50000  1105.31018
   381.50000  1294.38525
   382.50000  1004.22028
   383.50000   737.57336
   384.50000   753.58490
   385.50000  1076.56604
   386.50000   984.02063
   387.50000  1033.71179
   388.50000   989.49512
   389.50000  1121.76721
   390.50000  1336.56702
   391.50000  1424.39307
   392.50000  1287.01965
   393.50000   759.26447
   394.50000   791.31281
   395.50000  1294.68298
   396.50000  1311.76331
   397.50000   593.30463
   398.50000  1447.15674
   399.50000  1743.35315
   400.50000  1682.52197
   401.50000  1719.11304
   402.50000  1801.28870
   403.50000  1694.58521
   404.50000  1796.79126
   405.50000  1649.17554
   406.50000  1635.29321
   407.50000  1640.60608
   408.50000  1722.02991
   409.50000  1871.84094
   410.50000  1547.85193
   411.50000  1796.68359
   412.50000  1908.61084
   413.50000  1746.16064
   414.50000  1761.42139
   415.50000  1855.65381
   416.50000  1874.61816
   417.50000  1790.65198
   418.50000  1781.67419
   419.50000  1811.88147
   420.50000  1571.19592
   421.50000  1876.88794
   422.50000  1836.65295
   423.50000  1601.66528
   424.50000  1758.82214
   425.50000  1710.35083
   426.50000  1720.09558
   427.50000  1712.31421
   428.50000  1693.76672
   429.50000  1566.61023
   430.50000  1301.36487
   431.50000  1255.68884
   432.50000  1836.02649
   433.50000  1733.64685
   434.50000  1582.27161
   435.50000  1777.84509
   436.50000  1952.33594
   437.50000  1969.35010
   438.50000  1762.80774
   439.50000  1737.16162
   440.50000  1894.85571
   441.50000  1881.59863
   442.50000  1842.40466
   443.50000  1903.37329
   444.50000  1905.66907
   445.50000  2002.81262
   446.50000  1775.50037
   447.50000  2028.10571
   448.50000  2040.34302
   449.50000  2058.67188
   450.50000  2081.67358
   451.50000  2235.56348
   452.50000  2082.24243
   453.50000  1961.73889
   454.50000  2052.77686
   455.50000  2063.96802
   456.50000  2110.52368
   457.50000  2156.92944
   458.50000  2060.31494
   459.50000  2068.33936
   460.50000  2037.29797
   461.50000  2116.69971
   462.50000  2079.72119
   463.50000  2088.88965
   464.50000  2088.48071
   465.50000  2046.12061
   466.50000  2117.54834
   467.50000  2004.85474
   468.50000  2122.99805
   469.50000  2114.34668
   470.50000  1961.42432
   471.50000  2012.78210
   472.50000  2085.03125
   473.50000  2030.09460
   474.50000  2073.01074
   475.50000  2157.46606
   476.50000  2098.24585
   477.50000  2111.61475
   478.50000  2197.04688
   479.50000  2086.60376
   480.50000  2137.45630
   481.50000  2108.99341
   482.50000  2140.88208
   483.50000  2128.36914
   484.50000  2062.53418
   485.50000  2067.97461
   486.50000  1671.18469
   487.50000  1876.77051
   488.50000  2033.64343
   489.50000  1912.39331
   490.50000  2139.67725
   491.50000  2011.29480
   492.50000  1939.42542
   493.50000  2069.88135
   494.50000  1997.36597
   495.50000  2109.38013
   496.50000  2079.00708
   497.50000  2015.37537
   498.50000  1969.41650
   499.50000  1970.04492
   500.50000  1953.74109
   501.50000  1915.30212
   502.50000  1894.83289
   503.50000  1986.78870
   504.50000  1859.31018
   505.50000  1992.95715
   506.50000  2126.17773
   507.50000  1974.97412
   508.50000  1888.27942
   509.50000  1976.76868
   510.50000  1947.55615
   511.50000  1967.97388
   512.50000  2048.94995
   513.50000  1888.20337
   514.50000  1865.16479
   515.50000  1895.77283
   516.50000  1984.14697
   517.50000  1482.12793
   518.50000  1796.92896
   519.50000  1708.84827
   520.50000  1900.26611
   521.50000  1890.15027
   522.50000  1949.66528
   523.50000  1857.32043
   524.50000  1959.25000
   525.50000  1947.59509
   526.50000  1857.23877
   527.50000  1676.80615
   528.50000  1950.94812
   529.50000  2004.76746
   530.50000  1894.84619
   531.50000  2051.26074
   532.50000  1962.57935
   533.50000  1742.26611
   534.50000  1862.86829
   535.50000  1903.32092
   536.50000  2008.74451
   537.50000  1898.79749
   538.50000  1966.42920
   539.50000  1949.21606
   540.50000  1925.62305
   541.50000  1776.91138
   542.50000  1946.88599
   543.50000  1881.10498
   544.50000  1964.79480
   545.50000  1938.33008
   546.50000  1900.05920
   547.50000  1959.69336
   548.50000  1826.36011
   549.50000  1916.37134
   550.50000  1869.73560
   551.50000  1868.51501
   552.50000  1923.36243
   553.50000  1856.22302
   554.50000  1926.23999
   555.50000  1929.54590
   556.50000  1885.83313
   557.50000  1841.94641
   558.50000  1891.45581
   559.50000  1795.65454
   560.50000  1803.41370
   561.50000  1974.52637
   562.50000  1835.73425
   563.50000  1898.55750
   564.50000  1862.73425
   565.50000  1903.01135
   566.50000  1745.48352
   567.50000  1832.85754
   568.50000  1900.58789
   569.50000  1847.78784
   570.50000  1849.08264
   571.50000  1778.15686
   572.50000  1898.04370
   573.50000  1910.67236
   574.50000  1907.55530
   575.50000  1863.51599
   576.50000  1828.83960
   577.50000  1904.66467
   578.50000  1840.11353
   579.50000  1815.46667
   580.50000  1885.15845
   581.50000  1850.42773
   582.50000  1870.16138
   583.50000  1881.50452
   584.50000  1869.55750
   585.50000  1860.51819
   586.50000  1781.76440
   587.50000  1851.56506
   588.50000  1851.82593
   589.50000  1681.11353
   590.50000  1746.14526
   591.50000  1833.40710
   592.50000  1808.19885
   593.50000  1804.40112
   594.50000  1825.98767
   595.50000  1804.24939
   596.50000  1823.62354
   597.50000  1832.86694
   598.50000  1797.62744
   599.50000  1797.08704
   600.50000  1785.00378
   601.50000  1765.48608
   602.50000  1756.61426
   603.50000  1758.38989
   604.50000  1808.28528
   605.50000  1803.80225
   606.50000  1782.76587
   607.50000  1777.95166
   608.50000  1767.99292
   609.50000  1746.77795
   610.50000  1725.71570
   611.50000  1740.59241
   612.50000  1720.46777
   613.50000  1698.02869
   614.50000  1651.39868
   615.50000  1716.17358
   616.50000  1642.08887
   617.50000  1637.41418
   618.50000  1704.94519
   619.50000  1699.72461
   620.50000  1718.19678
   621.50000  1738.39319
   622.50000  1667.36987
   623.50000  1677.63599
   624.50000  1664.86084
   625.50000  1618.78455
   626.50000  1634.84155
   627.50000  1677.78333
   628.50000  1681.23486
   629.50000  1699.56714
   630.50000  1643.64221
   631.50000  1666.81799
   632.50000  1556.63025
   633.50000  1681.78479
   634.50000  1624.90417
   635.50000  1640.24036
   636.50000  1569.98071
   637.50000  1652.57434
   638.50000  1660.71436
   639.50000  1654.02869
   640.50000  1607.94067
   641.50000  1624.97070
   642.50000  1595.02881
   643.50000  1630.24548
   644.50000  1602.33667
   645.50000  1620.99731
   646.50000  1574.81860
   647.50000  1601.55786
   648.50000  1609.54089
   649.50000  1631.04480
   650.50000  1514.37280
   651.50000  1611.77368
   652.50000  1599.49377
   653.50000  1607.15784
   654.50000  1597.95691
   655.50000  1575.10022
   656.50000  1368.49158
   657.50000  1471.28662
   658.50000  1571.14294
   659.50000  1559.04578
   660.50000  1567.99036
   661.50000  1557.80286
   662.50000  1582.89282
   663.50000  1568.44812
   664.50000  1544.12927
   665.50000  1542.31519
   666.50000  1562.45129
   667.50000  1535.74426
   668.50000  1541.80847
   669.50000  1558.81238
   670.50000  1537.73352
   671.50000  1528.66907
   672.50000  1517.53516
   673.50000  1529.66956
   674.50000  1529.39136
   675.50000  1508.02856
   676.50000  1528.29163
   677.50000  1498.96667
   678.50000  1520.84229
   679.50000  1503.28650
   680.50000  1491.31445
   681.50000  1493.18030
   682.50000  1492.14453
   683.50000  1500.36572
   684.50000  1474.81763
   685.50000  1490.06726
   686.50000  1438.18848
   687.50000  1495.03833
   688.50000  1469.96606
   689.50000  1481.53162
   690.50000  1476.33313
   691.50000  1469.29590
   692.50000  1446.60632
   693.50000  1449.86060
   694.50000  1467.61414
   695.50000  1442.37708
   696.50000  1451.03601
   697.50000  1448.89819
   698.50000  1422.52490
   699.50000  1450.71191
