   120.50000     0.13295
   121.50000     5.88556
   122.50000     0.06056
   123.50000     0.03840
   124.50000     0.02764
   125.50000     0.02526
   126.50000     0.03305
   127.50000     0.01812
   128.50000     0.01412
   129.50000     0.01590
   130.50000     0.14536
   131.50000     0.02348
   132.50000     0.01835
   133.50000     0.16502
   134.50000     0.01703
   135.50000     0.03973
   136.50000     0.02450
   137.50000     0.02653
   138.50000     0.02623
   139.50000     0.06607
   140.50000     0.05853
   141.50000     0.03697
   142.50000     0.04006
   143.50000     0.04582
   144.50000     0.04489
   145.50000     0.04795
   146.50000     0.05922
   147.50000     0.07474
   148.50000     0.07622
   149.50000     0.06821
   150.50000     0.07679
   151.50000     0.08317
   152.50000     0.10288
   153.50000     0.11374
   154.50000     0.18901
   155.50000     0.16995
   156.50000     0.17423
   157.50000     0.15503
   158.50000     0.15462
   159.50000     0.15487
   160.50000     0.17316
   161.50000     0.20416
   162.50000     0.23542
   163.50000     0.25010
   164.50000     0.28893
   165.50000     0.46312
   166.50000     0.31869
   167.50000     0.37092
   168.50000     0.41419
   169.50000     0.54722
   170.50000     0.62838
   171.50000     0.62965
   172.50000     0.69119
   173.50000     0.69888
   174.50000     0.85692
   175.50000     1.04809
   176.50000     1.13480
   177.50000     1.37137
   178.50000     1.52986
   179.50000     1.52104
   180.50000     2.06762
   181.50000     2.39866
   182.50000     2.33372
   183.50000     2.48269
   184.50000     2.17185
   185.50000     2.44672
   186.50000     2.79800
   187.50000     3.12934
   188.50000     3.33211
   189.50000     3.66068
   190.50000     3.85579
   191.50000     4.11817
   192.50000     4.42649
   193.50000     3.47468
   194.50000     5.57626
   195.50000     5.42033
   196.50000     6.08034
   197.50000     6.16595
   198.50000     6.22172
   199.50000     6.75663
   200.50000     7.32324
   201.50000     8.09080
   202.50000     7.99554
   203.50000     9.19446
   204.50000    10.17075
   205.50000    10.46404
   206.50000    10.81693
   207.50000    12.44396
   208.50000    14.30175
   209.50000    20.60893
   210.50000    26.75086
   211.50000    32.29397
   212.50000    30.84075
   213.50000    27.82182
   214.50000    39.49735
   215.50000    32.62300
   216.50000    31.62778
   217.50000    30.74093
   218.50000    43.83949
   219.50000    45.72968
   220.50000    45.47243
   221.50000    32.11425
   222.50000    47.25686
   223.50000    60.12122
   224.50000    55.52307
   225.50000    49.05865
   226.50000    34.43293
   227.50000    34.71814
   228.50000    49.96179
   229.50000    42.56672
   230.50000    51.55703
   231.50000    44.42061
   232.50000    47.55792
   233.50000    40.05358
   234.50000    32.39164
   235.50000    52.10194
   236.50000    40.20850
   237.50000    48.53065
   238.50000    33.11990
   239.50000    41.09025
   240.50000    37.67097
   241.50000    43.91732
   242.50000    65.94707
   243.50000    60.16183
   244.50000    57.50043
   245.50000    45.51832
   246.50000    45.95189
   247.50000    53.04453
   248.50000    40.86204
   249.50000    52.92500
   250.50000    56.16132
   251.50000    43.32193
   252.50000    38.81468
   253.50000    50.29885
   254.50000    55.65003
   255.50000    79.50172
   256.50000    95.36124
   257.50000   117.95678
   258.50000   125.22002
   259.50000   102.62073
   260.50000    84.60989
   261.50000    82.34048
   262.50000   104.69178
   263.50000   154.97713
   264.50000   240.66069
   265.50000   248.95609
   266.50000   242.08890
   267.50000   243.08459
   268.50000   241.80640
   269.50000   217.10747
   270.50000   274.98071
   271.50000   227.90320
   272.50000   179.78181
   273.50000   204.10573
   274.50000   120.98430
   275.50000   175.16319
   276.50000   239.92822
   277.50000   238.26353
   278.50000   156.58034
   279.50000    73.55009
   280.50000    86.73340
   281.50000   203.21536
   282.50000   282.75427
   283.50000   313.53644
   284.50000   238.74323
   285.50000   122.41286
   286.50000   323.09894
   287.50000   352.85678
   288.50000   294.16895
   289.50000   439.75034
   290.50000   588.22327
   291.50000   547.10718
   292.50000   474.97711
   293.50000   542.96747
   294.50000   488.16638
   295.50000   547.35901
   296.50000   482.61530
   297.50000   517.45325
   298.50000   380.74683
   299.50000   529.65326
   300.50000   352.50858
   301.50000   478.28006
   302.50000   471.06891
   303.50000   615.45264
   304.50000   580.96710
   305.50000   605.36212
   306.50000   556.54999
   307.50000   637.84216
   308.50000   642.23352
   309.50000   253.42273
   310.50000   699.79932
   311.50000   650.08698
   312.50000   625.64636
   313.50000   642.39111
   314.50000   646.76447
   315.50000   604.74646
   316.50000   627.45972
   317.50000   714.18457
   318.50000   677.74255
   319.50000   721.33264
   320.50000   773.05981
   321.50000   738.74420
   322.50000   711.04083
   323.50000   541.18127
   324.50000   808.23987
   325.50000   952.84943
   326.50000   796.05243
   327.50000  1051.08691
   328.50000   805.51563
   329.50000  1154.02502
   330.50000   875.80078
   331.50000  1123.22119
   332.50000   834.35913
   333.50000   832.74493
   334.50000  1137.08105
   335.50000   840.25952
   336.50000   788.37457
   337.50000   797.16638
   338.50000  1153.53235
   339.50000   936.06348
   340.50000   955.37543
   341.50000   943.36469
   342.50000   968.99023
   343.50000   933.53760
   344.50000   881.96948
   345.50000   927.96429
   346.50000   963.67596
   347.50000   962.64294
   348.50000   957.61243
   349.50000   674.15808
   350.50000  1069.86987
   351.50000  1071.11816
   352.50000  1078.86316
   353.50000  1156.85193
   354.50000   813.25690
   355.50000  1190.33789
   356.50000  1076.07581
   357.50000   641.96704
   358.50000   974.68628
   359.50000   726.94269
   360.50000  1141.87915
   361.50000  1158.42126
   362.50000   796.93365
   363.50000  1238.56226
   364.50000   891.01831
   365.50000   941.88226
   366.50000  1497.78467
   367.50000  1005.67065
   368.50000  1523.58191
   369.50000  1031.88623
   370.50000  1037.80664
   371.50000  1511.08960
   372.50000   932.95654
   373.50000   887.00500
   374.50000   878.18616
   375.50000  1409.40002
   376.50000  1055.64624
   377.50000  1126.15906
   378.50000  1156.83972
   379.50000  1143.85559
   380.50000  1623.66370
   381.50000   954.04199
   382.50000   870.45166
   383.50000   828.19592
   384.50000   884.18335
   385.50000   954.10767
   386.50000   993.65033
   387.50000  1020.09106
   388.50000  1063.42859
   389.50000  1159.53674
   390.50000  1235.66699
   391.50000  1177.19446
   392.50000  1062.51587
   393.50000   997.52869
   394.50000  1038.19458
   395.50000  1103.89343
   396.50000   580.18475
   397.50000  1249.46057
   398.50000  1469.62354
   399.50000  1708.41821
   400.50000  1877.39978
   401.50000   971.96014
   402.50000  1956.43457
   403.50000  1978.09448
   404.50000  1944.61292
   405.50000  1949.35913
   406.50000   975.45599
   407.50000  1992.01282
   408.50000  2014.18237
   409.50000  1033.57263
   410.50000  2079.67358
   411.50000  2138.32446
   412.50000  1087.37329
   413.50000  2210.47949
   414.50000  2232.79541
   415.50000  1110.71216
   416.50000  2247.31079
   417.50000  1112.23193
   418.50000  2252.09448
   419.50000  1142.62097
   420.50000  2264.41431
   421.50000  2302.03979
   422.50000  1150.82117
   423.50000  2305.46533
   424.50000  1151.79187
   425.50000  2297.19995
   426.50000  1122.66394
   427.50000  1130.07214
   428.50000  2161.12988
   429.50000  1072.89722
   430.50000  2112.89893
   431.50000  1103.53491
   432.50000  2304.45337
   433.50000  1202.02576
   434.50000  1248.97607
   435.50000  2570.22217
   436.50000  1305.87683
   437.50000  2628.47266
   438.50000  1326.83740
   439.50000  1354.17578
   440.50000  2756.11353
   441.50000  1430.36108
   442.50000  1449.67029
   443.50000  2976.01147
   444.50000  1501.60706
   445.50000  1526.56860
   446.50000  1534.59985
   447.50000  3164.14185
   448.50000  1609.20056
   449.50000  1641.71838
   450.50000  1673.16492
   451.50000  3345.85815
   452.50000  1681.87854
   453.50000  1677.37732
   454.50000  1697.47998
   455.50000  3419.37964
   456.50000  1728.30798
   457.50000  1734.62671
   458.50000  1759.86218
   459.50000  1784.52405
   460.50000  1788.72693
   461.50000  3624.67627
   462.50000  1809.05054
   463.50000  1823.16077
   464.50000  1834.63989
   465.50000  1825.09424
   466.50000  1834.08984
   467.50000  1825.55017
   468.50000  1843.86450
   469.50000  3711.15186
   470.50000  1873.52466
   471.50000  1903.00891
   472.50000  1911.80896
   473.50000  1940.48181
   474.50000  1969.95422
   475.50000  1978.30408
   476.50000  2005.38184
   477.50000  2012.18396
   478.50000  2039.22412
   479.50000  2041.12939
   480.50000  2079.84546
   481.50000  2041.89636
   482.50000  2056.68579
   483.50000  2003.46777
   484.50000  2009.53369
   485.50000  1978.36804
   486.50000  1976.03394
   487.50000  1988.14673
   488.50000  1995.23047
   489.50000  2008.23169
   490.50000  2063.63062
   491.50000  2079.23120
   492.50000  2112.47803
   493.50000  2118.94287
   494.50000  2141.95337
   495.50000  2158.15161
   496.50000  2168.92993
   497.50000  2158.62451
   498.50000  2164.51343
   499.50000  2172.61475
   500.50000  2164.67822
   501.50000  2182.28320
   502.50000  2204.80493
   503.50000  2230.75977
   504.50000  2238.12256
   505.50000  2281.91870
   506.50000  2260.67236
   507.50000  2294.05371
   508.50000  2303.05420
   509.50000  2279.25610
   510.50000  2267.64087
   511.50000  2255.54297
   512.50000  2246.48828
   513.50000  2240.37036
   514.50000  2225.54810
   515.50000  2248.82959
   516.50000  2282.76807
   517.50000  2315.63818
   518.50000  2350.28345
   519.50000  2388.07739
   520.50000  2423.23511
   521.50000  2429.30493
   522.50000  2473.01733
   523.50000  2486.04517
   524.50000  2535.35693
   525.50000  2539.98218
   526.50000  2560.40723
   527.50000  2578.17920
   528.50000  2610.77295
   529.50000  2599.17261
   530.50000  2606.76782
   531.50000  2617.31812
   532.50000  2630.33057
   533.50000  2647.29297
   534.50000  2685.02856
   535.50000  2687.03516
   536.50000  2706.23560
   537.50000  2745.71851
   538.50000  2745.03882
   539.50000  2777.92651
   540.50000  2768.33691
   541.50000  2796.42407
   542.50000  2804.45874
   543.50000  2811.16382
   544.50000  2817.86230
   545.50000  2847.62622
   546.50000  2844.28198
   547.50000  2877.57593
   548.50000  2894.62793
   549.50000  2914.84521
   550.50000  2954.48340
   551.50000  2955.57422
   552.50000  2992.88501
   553.50000  3013.26514
   554.50000  3051.89453
   555.50000  3069.10718
   556.50000  3083.95801
   557.50000  3097.73340
   558.50000  3123.58594
   559.50000  3126.74707
   560.50000  3147.19775
   561.50000  3130.20435
   562.50000  3168.12305
   563.50000  3155.03125
   564.50000  3200.84180
   565.50000  3194.62134
   566.50000  3224.63159
   567.50000  3254.69116
   568.50000  3265.42944
   569.50000  3290.52222
   570.50000  3293.96704
   571.50000  3296.55029
   572.50000  3330.37988
   573.50000  3307.10278
   574.50000  3336.25952
   575.50000  3331.87061
   576.50000  3344.30811
   577.50000  3340.60791
   578.50000  3360.23511
   579.50000  3384.22656
   580.50000  3389.69434
   581.50000  3410.59009
   582.50000  3432.40186
   583.50000  3455.05640
   584.50000  3473.39771
   585.50000  3473.41406
   586.50000  3491.46558
   587.50000  3509.03345
   588.50000  3523.97021
   589.50000  3537.61646
   590.50000  3535.32178
   591.50000  3555.50439
   592.50000  3540.11816
   593.50000  3557.97925
   594.50000  3545.52783
   595.50000  3566.00513
   596.50000  3561.67676
   597.50000  3601.09375
   598.50000  3631.44482
   599.50000  3644.35693
   600.50000  3686.07397
   601.50000  3711.23096
   602.50000  3745.07446
   603.50000  3739.86304
   604.50000  3763.86768
   605.50000  3756.79175
   606.50000  3793.28076
   607.50000  3784.19702
   608.50000  3803.80835
   609.50000  3807.02759
   610.50000  3809.25171
   611.50000  3825.37573
   612.50000  3827.04858
   613.50000     0.00000
   614.50000     0.00000
   615.50000     0.00000
   616.50000     0.00000
   617.50000     0.00000
   618.50000     0.00000
   619.50000     0.00000
   620.50000     0.00000
   621.50000     0.00000
   622.50000     0.00000
   623.50000     0.00000
   624.50000     0.00000
   625.50000     0.00000
   626.50000     0.00000
   627.50000     0.00000
   628.50000     0.00000
   629.50000     0.00000
   630.50000     0.00000
   631.50000     0.00000
   632.50000     0.00000
   633.50000     0.00000
   634.50000     0.00000
   635.50000     0.00000
   636.50000     0.00000
   637.50000     0.00000
   638.50000     0.00000
   639.50000     0.00000
   640.50000     0.00000
   641.50000     0.00000
   642.50000     0.00000
   643.50000     0.00000
   644.50000     0.00000
   645.50000     0.00000
   646.50000     0.00000
   647.50000     0.00000
   648.50000     0.00000
   649.50000     0.00000
   650.50000     0.00000
   651.50000     0.00000
   652.50000     0.00000
   653.50000     0.00000
   654.50000     0.00000
   655.50000     0.00000
   656.50000     0.00000
   657.50000     0.00000
   658.50000     0.00000
   659.50000     0.00000
   660.50000     0.00000
   661.50000     0.00000
   662.50000     0.00000
   663.50000     0.00000
   664.50000     0.00000
   665.50000     0.00000
   666.50000     0.00000
   667.50000     0.00000
   668.50000     0.00000
   669.50000     0.00000
   670.50000     0.00000
   671.50000     0.00000
   672.50000     0.00000
   673.50000     0.00000
   674.50000     0.00000
   675.50000     0.00000
   676.50000     0.00000
   677.50000     0.00000
   678.50000     0.00000
   679.50000     0.00000
   680.50000     0.00000
   681.50000     0.00000
   682.50000     0.00000
   683.50000     0.00000
   684.50000     0.00000
   685.50000     0.00000
   686.50000     0.00000
   687.50000     0.00000
   688.50000     0.00000
   689.50000     0.00000
   690.50000     0.00000
   691.50000     0.00000
   692.50000     0.00000
   693.50000     0.00000
   694.50000     0.00000
   695.50000     0.00000
   696.50000     0.00000
   697.50000     0.00000
   698.50000     0.00000
   699.50000     0.00000
