   120.50000     0.16483
   121.50000     7.07709
   122.50000     0.06789
   123.50000     0.04336
   124.50000     0.03155
   125.50000     0.02813
   126.50000     0.03900
   127.50000     0.02015
   128.50000     0.01558
   129.50000     0.01843
   130.50000     0.16199
   131.50000     0.02555
   132.50000     0.02028
   133.50000     0.19852
   134.50000     0.01895
   135.50000     0.04333
   136.50000     0.02705
   137.50000     0.02928
   138.50000     0.02875
   139.50000     0.08006
   140.50000     0.06805
   141.50000     0.04044
   142.50000     0.04377
   143.50000     0.04988
   144.50000     0.04869
   145.50000     0.05210
   146.50000     0.06437
   147.50000     0.07976
   148.50000     0.08150
   149.50000     0.07336
   150.50000     0.08230
   151.50000     0.08894
   152.50000     0.11116
   153.50000     0.12229
   154.50000     0.20825
   155.50000     0.18415
   156.50000     0.18502
   157.50000     0.16419
   158.50000     0.16301
   159.50000     0.16146
   160.50000     0.18048
   161.50000     0.21283
   162.50000     0.24619
   163.50000     0.26289
   164.50000     0.30627
   165.50000     0.48467
   166.50000     0.32872
   167.50000     0.39106
   168.50000     0.42823
   169.50000     0.56657
   170.50000     0.65403
   171.50000     0.65885
   172.50000     0.72454
   173.50000     0.73083
   174.50000     0.89818
   175.50000     1.10217
   176.50000     1.19465
   177.50000     1.45403
   178.50000     1.62267
   179.50000     1.61645
   180.50000     2.09438
   181.50000     2.46635
   182.50000     2.37159
   183.50000     2.53504
   184.50000     2.21812
   185.50000     2.51165
   186.50000     2.89617
   187.50000     3.24487
   188.50000     3.46478
   189.50000     3.81619
   190.50000     4.01741
   191.50000     4.29535
   192.50000     4.62076
   193.50000     3.60462
   194.50000     5.82508
   195.50000     5.65530
   196.50000     6.34231
   197.50000     6.42056
   198.50000     6.46974
   199.50000     7.04181
   200.50000     7.65620
   201.50000     8.48048
   202.50000     8.38054
   203.50000     9.65734
   204.50000    10.69140
   205.50000    10.99443
   206.50000    11.36106
   207.50000    13.06140
   208.50000    14.91780
   209.50000    21.38947
   210.50000    27.67197
   211.50000    33.32444
   212.50000    31.92716
   213.50000    28.79287
   214.50000    40.87174
   215.50000    33.74060
   216.50000    32.53759
   217.50000    31.55176
   218.50000    45.02890
   219.50000    47.19090
   220.50000    46.82210
   221.50000    33.13800
   222.50000    48.71463
   223.50000    61.99080
   224.50000    57.16407
   225.50000    50.52667
   226.50000    35.59797
   227.50000    35.90546
   228.50000    51.58910
   229.50000    43.84364
   230.50000    53.39394
   231.50000    46.02440
   232.50000    49.40890
   233.50000    41.54363
   234.50000    33.64060
   235.50000    54.15428
   236.50000    41.88380
   237.50000    50.70560
   238.50000    34.73046
   239.50000    42.92474
   240.50000    39.37303
   241.50000    45.99447
   242.50000    69.01643
   243.50000    62.85000
   244.50000    59.88853
   245.50000    47.29050
   246.50000    47.48466
   247.50000    54.73508
   248.50000    42.23597
   249.50000    54.31623
   250.50000    57.30507
   251.50000    44.32026
   252.50000    39.40256
   253.50000    50.89826
   254.50000    56.34560
   255.50000    80.19685
   256.50000    96.21030
   257.50000   119.28165
   258.50000   126.80301
   259.50000   105.12299
   260.50000    85.97694
   261.50000    83.96346
   262.50000   106.44231
   263.50000   156.93335
   264.50000   243.92267
   265.50000   252.92134
   266.50000   245.41035
   267.50000   245.88667
   268.50000   245.52998
   269.50000   219.52663
   270.50000   277.51071
   271.50000   229.39500
   272.50000   182.33534
   273.50000   207.22801
   274.50000   122.83466
   275.50000   177.14337
   276.50000   243.19301
   277.50000   241.45334
   278.50000   158.98969
   279.50000    75.95981
   280.50000    88.51768
   281.50000   205.56430
   282.50000   286.37265
   283.50000   318.00366
   284.50000   242.37596
   285.50000   124.19965
   286.50000   327.01431
   287.50000   357.05597
   288.50000   297.87241
   289.50000   444.51996
   290.50000   596.52643
   291.50000   554.76825
   292.50000   481.57452
   293.50000   550.44812
   294.50000   494.83688
   295.50000   554.77661
   296.50000   489.10107
   297.50000   524.34888
   298.50000   385.77774
   299.50000   536.59192
   300.50000   357.08682
   301.50000   484.43787
   302.50000   477.08066
   303.50000   623.23761
   304.50000   588.25043
   305.50000   612.88287
   306.50000   563.40155
   307.50000   645.62250
   308.50000   649.99512
   309.50000   256.45676
   310.50000   709.49866
   311.50000   657.42834
   312.50000   632.56824
   313.50000   650.01074
   314.50000   653.80347
   315.50000   610.81836
   316.50000   634.95490
   317.50000   722.52545
   318.50000   684.09503
   319.50000   729.35651
   320.50000   780.98627
   321.50000   745.76892
   322.50000   717.54889
   323.50000   546.49280
   324.50000   817.46716
   325.50000   962.87671
   326.50000   803.29608
   327.50000  1060.05713
   328.50000   812.73224
   329.50000  1165.08325
   330.50000   882.89514
   331.50000  1132.41260
   332.50000   841.33936
   333.50000   839.69751
   334.50000  1146.21960
   335.50000   845.57703
   336.50000   793.00677
   337.50000   803.47290
   338.50000  1161.82385
   339.50000   941.80109
   340.50000   960.79291
   341.50000   948.24518
   342.50000   974.25464
   343.50000   937.22833
   344.50000   885.47046
   345.50000   932.25183
   346.50000   967.76007
   347.50000   965.85455
   348.50000   960.84180
   349.50000   676.43573
   350.50000  1072.69885
   351.50000  1072.87598
   352.50000  1080.35950
   353.50000  1159.26709
   354.50000   813.93103
   355.50000  1189.90466
   356.50000  1074.34338
   357.50000   641.52344
   358.50000   975.69482
   359.50000   728.39105
   360.50000  1142.61646
   361.50000  1158.27747
   362.50000   797.80530
   363.50000  1239.94678
   364.50000   891.95129
   365.50000   943.52100
   366.50000  1499.27332
   367.50000  1005.79108
   368.50000  1524.05493
   369.50000  1032.01709
   370.50000  1037.18933
   371.50000  1508.61731
   372.50000   930.64911
   373.50000   885.11694
   374.50000   877.31860
   375.50000  1409.99011
   376.50000  1056.10974
   377.50000  1126.36560
   378.50000  1156.03796
   379.50000  1142.71423
   380.50000  1622.24719
   381.50000   952.81757
   382.50000   869.91760
   383.50000   830.01666
   384.50000   888.26599
   385.50000   958.80981
   386.50000   998.39697
   387.50000  1024.88013
   388.50000  1068.99500
   389.50000  1165.12183
   390.50000  1240.22766
   391.50000  1179.95447
   392.50000  1064.27393
   393.50000  1000.68567
   394.50000  1042.66687
   395.50000  1108.54346
   396.50000   582.49072
   397.50000  1255.52966
   398.50000  1476.29382
   399.50000  1715.07385
   400.50000  1880.87512
   401.50000   973.05237
   402.50000  1957.19543
   403.50000  1977.75549
   404.50000  1943.05200
   405.50000  1947.61816
   406.50000   974.80902
   407.50000  1990.33130
   408.50000  2012.12695
   409.50000  1032.06177
   410.50000  2076.83057
   411.50000  2135.04663
   412.50000  1085.42139
   413.50000  2206.88379
   414.50000  2228.08887
   415.50000  1108.35840
   416.50000  2242.28027
   417.50000  1109.46204
   418.50000  2247.03882
   419.50000  1139.78796
   420.50000  2259.28662
   421.50000  2296.12744
   422.50000  1147.82397
   423.50000  2299.82397
   424.50000  1148.78723
   425.50000  2291.23267
   426.50000  1119.53406
   427.50000  1126.54907
   428.50000  2154.89551
   429.50000  1069.89966
   430.50000  2108.55737
   431.50000  1102.52954
   432.50000  2302.06738
   433.50000  1200.80151
   434.50000  1247.63757
   435.50000  2566.10205
   436.50000  1303.78064
   437.50000  2623.90234
   438.50000  1324.75903
   439.50000  1352.55493
   440.50000  2753.22461
   441.50000  1429.15247
   442.50000  1448.42212
   443.50000  2972.74316
   444.50000  1499.91724
   445.50000  1524.81946
   446.50000  1533.38635
   447.50000  3162.45874
   448.50000  1608.19397
   449.50000  1640.65161
   450.50000  1672.45007
   451.50000  3343.34058
   452.50000  1680.58557
   453.50000  1676.44397
   454.50000  1696.61792
   455.50000  3418.02271
   456.50000  1728.01074
   457.50000  1734.50171
   458.50000  1759.47278
   459.50000  1784.34863
   460.50000  1788.58459
   461.50000  3624.39502
   462.50000  1808.93262
   463.50000  1823.06104
   464.50000  1834.47119
   465.50000  1824.98303
   466.50000  1833.93982
   467.50000  1825.59277
   468.50000  1844.08154
   469.50000  3711.68970
   470.50000  1873.69861
   471.50000  1903.56213
   472.50000  1912.24829
   473.50000  1940.71399
   474.50000  1970.15283
   475.50000  1978.40564
   476.50000  2005.36157
   477.50000  2011.89905
   478.50000  2038.73486
   479.50000  2040.15588
   480.50000  2078.89648
   481.50000  2040.02502
   482.50000  2054.39404
   483.50000  2000.84204
   484.50000  2006.62732
   485.50000  1975.36450
   486.50000  1973.09229
   487.50000  1986.00134
   488.50000  1992.70081
   489.50000  2005.97974
   490.50000  2061.19629
   491.50000  2076.60400
   492.50000  2109.40381
   493.50000  2115.86743
   494.50000  2138.43994
   495.50000  2154.06494
   496.50000  2164.74683
   497.50000  2154.40649
   498.50000  2160.05640
   499.50000  2168.44141
   500.50000  2160.47705
   501.50000  2178.40112
   502.50000  2201.25024
   503.50000  2227.05518
   504.50000  2234.54004
   505.50000  2278.11646
   506.50000  2256.76880
   507.50000  2289.96289
   508.50000  2298.68750
   509.50000  2274.80054
   510.50000  2262.85986
   511.50000  2251.07080
   512.50000  2242.08618
   513.50000  2235.98950
   514.50000  2221.68726
   515.50000  2245.71826
   516.50000  2279.80884
   517.50000  2312.49170
   518.50000  2347.52905
   519.50000  2385.27539
   520.50000  2420.29932
   521.50000  2425.75049
   522.50000  2469.75977
   523.50000  2483.17651
   524.50000  2532.06860
   525.50000  2536.65845
   526.50000  2556.83032
   527.50000  2574.78247
   528.50000  2606.75146
   529.50000  2595.16479
   530.50000  2602.92188
   531.50000  2613.50879
   532.50000  2626.60767
   533.50000  2643.59253
   534.50000  2681.14893
   535.50000  2683.21289
   536.50000  2702.33325
   537.50000  2741.93335
   538.50000  2741.16577
   539.50000  2773.76025
   540.50000  2764.05786
   541.50000  2791.95313
   542.50000  2800.11011
   543.50000  2806.63037
   544.50000  2813.19238
   545.50000  2843.08545
   546.50000  2840.01025
   547.50000  2872.86450
   548.50000  2890.04810
   549.50000  2910.31274
   550.50000  2949.74585
   551.50000  2950.61401
   552.50000  2987.95288
   553.50000  3008.47144
   554.50000  3046.87183
   555.50000  3064.04639
   556.50000  3078.55811
   557.50000  3092.36328
   558.50000  3117.58032
   559.50000  3120.78125
   560.50000  3141.11426
   561.50000  3124.19849
   562.50000  3162.03711
   563.50000  3148.76904
   564.50000  3195.08398
   565.50000  3188.58667
   566.50000  3218.74097
   567.50000  3248.63940
   568.50000  3259.55054
   569.50000  3284.31494
   570.50000  3287.74731
   571.50000  3290.29980
   572.50000  3323.80615
   573.50000  3300.66162
   574.50000  3329.85498
   575.50000  3325.54077
   576.50000  3338.07056
   577.50000  3334.59595
   578.50000  3354.48730
   579.50000  3378.50366
   580.50000  3383.86523
   581.50000  3404.80127
   582.50000  3426.78418
   583.50000  3449.59155
   584.50000  3467.67700
   585.50000  3467.94336
   586.50000  3486.03564
   587.50000  3503.88892
   588.50000  3518.48901
   589.50000  3532.29321
   590.50000  3530.48486
   591.50000  3549.86084
   592.50000  3534.89233
   593.50000  3552.77319
   594.50000  3540.77466
   595.50000  3561.02930
   596.50000  3557.31201
   597.50000  3597.83667
   598.50000  3627.90479
   599.50000  3640.93799
   600.50000  3683.07446
   601.50000  3708.36890
   602.50000  3741.84839
   603.50000  3736.65210
   604.50000  3760.71509
   605.50000  3753.90527
   606.50000  3790.49805
   607.50000  3781.60889
   608.50000  3801.41284
   609.50000  3804.85156
   610.50000  3807.25439
   611.50000  3823.61597
   612.50000  3825.56226
   613.50000     0.00000
   614.50000     0.00000
   615.50000     0.00000
   616.50000     0.00000
   617.50000     0.00000
   618.50000     0.00000
   619.50000     0.00000
   620.50000     0.00000
   621.50000     0.00000
   622.50000     0.00000
   623.50000     0.00000
   624.50000     0.00000
   625.50000     0.00000
   626.50000     0.00000
   627.50000     0.00000
   628.50000     0.00000
   629.50000     0.00000
   630.50000     0.00000
   631.50000     0.00000
   632.50000     0.00000
   633.50000     0.00000
   634.50000     0.00000
   635.50000     0.00000
   636.50000     0.00000
   637.50000     0.00000
   638.50000     0.00000
   639.50000     0.00000
   640.50000     0.00000
   641.50000     0.00000
   642.50000     0.00000
   643.50000     0.00000
   644.50000     0.00000
   645.50000     0.00000
   646.50000     0.00000
   647.50000     0.00000
   648.50000     0.00000
   649.50000     0.00000
   650.50000     0.00000
   651.50000     0.00000
   652.50000     0.00000
   653.50000     0.00000
   654.50000     0.00000
   655.50000     0.00000
   656.50000     0.00000
   657.50000     0.00000
   658.50000     0.00000
   659.50000     0.00000
   660.50000     0.00000
   661.50000     0.00000
   662.50000     0.00000
   663.50000     0.00000
   664.50000     0.00000
   665.50000     0.00000
   666.50000     0.00000
   667.50000     0.00000
   668.50000     0.00000
   669.50000     0.00000
   670.50000     0.00000
   671.50000     0.00000
   672.50000     0.00000
   673.50000     0.00000
   674.50000     0.00000
   675.50000     0.00000
   676.50000     0.00000
   677.50000     0.00000
   678.50000     0.00000
   679.50000     0.00000
   680.50000     0.00000
   681.50000     0.00000
   682.50000     0.00000
   683.50000     0.00000
   684.50000     0.00000
   685.50000     0.00000
   686.50000     0.00000
   687.50000     0.00000
   688.50000     0.00000
   689.50000     0.00000
   690.50000     0.00000
   691.50000     0.00000
   692.50000     0.00000
   693.50000     0.00000
   694.50000     0.00000
   695.50000     0.00000
   696.50000     0.00000
   697.50000     0.00000
   698.50000     0.00000
   699.50000     0.00000
