   120.50000     0.13046
   121.50000     5.54366
   122.50000     0.05431
   123.50000     0.03555
   124.50000     0.03022
   125.50000     0.02597
   126.50000     0.03802
   127.50000     0.02037
   128.50000     0.01666
   129.50000     0.01911
   130.50000     0.14324
   131.50000     0.02731
   132.50000     0.02003
   133.50000     0.17723
   134.50000     0.01853
   135.50000     0.04363
   136.50000     0.02716
   137.50000     0.02905
   138.50000     0.02922
   139.50000     0.07190
   140.50000     0.06859
   141.50000     0.04178
   142.50000     0.04549
   143.50000     0.05315
   144.50000     0.05149
   145.50000     0.05543
   146.50000     0.06935
   147.50000     0.08268
   148.50000     0.08550
   149.50000     0.07765
   150.50000     0.08698
   151.50000     0.09361
   152.50000     0.11366
   153.50000     0.13073
   154.50000     0.22174
   155.50000     0.18010
   156.50000     0.18557
   157.50000     0.17034
   158.50000     0.16858
   159.50000     0.16917
   160.50000     0.19034
   161.50000     0.22480
   162.50000     0.25494
   163.50000     0.27551
   164.50000     0.29907
   165.50000     0.50420
   166.50000     0.34121
   167.50000     0.38931
   168.50000     0.45025
   169.50000     0.58420
   170.50000     0.67827
   171.50000     0.67020
   172.50000     0.72588
   173.50000     0.72734
   174.50000     0.89505
   175.50000     1.09496
   176.50000     1.18298
   177.50000     1.39742
   178.50000     1.57143
   179.50000     1.53924
   180.50000     1.85706
   181.50000     2.27760
   182.50000     2.17498
   183.50000     2.31048
   184.50000     2.01810
   185.50000     2.27282
   186.50000     2.63535
   187.50000     3.03784
   188.50000     3.22258
   189.50000     3.60636
   190.50000     3.75090
   191.50000     4.09119
   192.50000     4.34314
   193.50000     3.31030
   194.50000     5.42429
   195.50000     5.35662
   196.50000     5.92041
   197.50000     6.08441
   198.50000     6.13211
   199.50000     6.60313
   200.50000     7.23107
   201.50000     8.00288
   202.50000     7.91603
   203.50000     9.13989
   204.50000    10.18951
   205.50000    10.56264
   206.50000    10.89302
   207.50000    12.57938
   208.50000    14.43581
   209.50000    21.11116
   210.50000    28.11672
   211.50000    34.83122
   212.50000    31.50372
   213.50000    30.80599
   214.50000    42.62922
   215.50000    34.49280
   216.50000    32.60824
   217.50000    32.43708
   218.50000    45.59076
   219.50000    47.13699
   220.50000    48.97485
   221.50000    34.19109
   222.50000    48.96495
   223.50000    64.91824
   224.50000    58.64093
   225.50000    51.44993
   226.50000    37.88303
   227.50000    36.76172
   228.50000    53.88836
   229.50000    45.97386
   230.50000    53.94865
   231.50000    46.82853
   232.50000    52.33863
   233.50000    42.94273
   234.50000    33.93134
   235.50000    54.61275
   236.50000    44.18697
   237.50000    52.99910
   238.50000    36.97743
   239.50000    43.81594
   240.50000    39.01137
   241.50000    46.31816
   242.50000    72.22341
   243.50000    63.71997
   244.50000    62.29089
   245.50000    47.79663
   246.50000    47.38643
   247.50000    55.97554
   248.50000    43.21219
   249.50000    55.26582
   250.50000    58.12056
   251.50000    44.35679
   252.50000    38.61643
   253.50000    50.15856
   254.50000    55.20030
   255.50000    79.17357
   256.50000    99.21762
   257.50000   122.74305
   258.50000   129.60804
   259.50000   105.13758
   260.50000    84.32532
   261.50000    83.89645
   262.50000   105.12757
   263.50000   168.71416
   264.50000   263.03031
   265.50000   261.46719
   266.50000   246.79677
   267.50000   251.70004
   268.50000   246.07344
   269.50000   227.72501
   270.50000   278.13126
   271.50000   231.04624
   272.50000   191.49054
   273.50000   215.68205
   274.50000   117.53241
   275.50000   168.09790
   276.50000   249.54018
   277.50000   245.85530
   278.50000   158.16054
   279.50000    70.09238
   280.50000    79.48614
   281.50000   216.24835
   282.50000   295.50362
   283.50000   322.44644
   284.50000   256.23951
   285.50000   127.47493
   286.50000   338.60774
   287.50000   367.23553
   288.50000   308.46654
   289.50000   463.32030
   290.50000   622.29121
   291.50000   591.14187
   292.50000   494.67143
   293.50000   557.35760
   294.50000   494.64890
   295.50000   560.42071
   296.50000   508.08139
   297.50000   546.96457
   298.50000   415.49770
   299.50000   525.16332
   300.50000   387.85377
   301.50000   486.67734
   302.50000   462.70922
   303.50000   652.16519
   304.50000   603.99416
   305.50000   613.55185
   306.50000   564.26934
   307.50000   653.42472
   308.50000   655.52724
   309.50000   497.68125
   310.50000   658.73249
   311.50000   777.75693
   312.50000   672.45696
   313.50000   726.25492
   314.50000   663.23424
   315.50000   680.20237
   316.50000   618.90325
   317.50000   858.41482
   318.50000   656.97978
   319.50000   720.62539
   320.50000   886.43153
   321.50000   699.80485
   322.50000   730.05267
   323.50000   677.71728
   324.50000   808.61636
   325.50000   902.05889
   326.50000  1024.31271
   327.50000   990.19006
   328.50000   916.41437
   329.50000  1121.47936
   330.50000  1030.86325
   331.50000  1016.07168
   332.50000   981.97968
   333.50000   936.46178
   334.50000   997.99926
   335.50000  1012.43196
   336.50000   797.78814
   337.50000   871.89874
   338.50000   932.98760
   339.50000   967.16767
   340.50000  1064.65611
   341.50000   929.34459
   342.50000  1030.32118
   343.50000  1031.23421
   344.50000   740.10645
   345.50000  1007.10686
   346.50000   930.47370
   347.50000   919.39616
   348.50000   954.96816
   349.50000   857.41327
   350.50000  1129.48225
   351.50000  1003.84818
   352.50000   895.17673
   353.50000  1076.69982
   354.50000  1141.08329
   355.50000  1065.59439
   356.50000   948.32464
   357.50000   858.12830
   358.50000   637.42084
   359.50000  1088.43211
   360.50000  1023.69354
   361.50000   903.57225
   362.50000  1028.80425
   363.50000   968.52419
   364.50000  1042.10714
   365.50000  1191.55693
   366.50000  1264.72436
   367.50000  1215.23889
   368.50000  1080.30132
   369.50000  1266.43264
   370.50000  1119.63800
   371.50000  1290.13121
   372.50000  1060.94300
   373.50000   912.85242
   374.50000   928.55528
   375.50000  1110.92807
   376.50000  1088.01661
   377.50000  1306.99239
   378.50000  1399.16357
   379.50000  1065.25150
   380.50000  1242.61400
   381.50000  1126.05661
   382.50000   803.06640
   383.50000   667.10369
   384.50000   964.54249
   385.50000  1011.53054
   386.50000  1020.39139
   387.50000   994.11848
   388.50000   952.84854
   389.50000  1217.35375
   390.50000  1242.51325
   391.50000  1442.58993
   392.50000  1086.52993
   393.50000   468.13620
   394.50000  1087.80200
   395.50000  1405.25061
   396.50000   743.86383
   397.50000   831.12461
   398.50000  1585.52604
   399.50000  1701.51979
   400.50000  1704.41325
   401.50000  1846.61339
   402.50000  1869.89189
   403.50000  1825.78971
   404.50000  1778.89804
   405.50000  1724.08482
   406.50000  1674.39232
   407.50000  1692.88150
   408.50000  1711.37529
   409.50000  1720.88221
   410.50000  1589.58971
   411.50000  1649.58793
   412.50000  1709.58479
   413.50000  1769.58207
   414.50000  1771.33507
   415.50000  1770.59646
   416.50000  1788.25679
   417.50000  1747.63011
   418.50000  1741.78982
   419.50000  1738.41354
   420.50000  1776.16589
   421.50000  1805.46579
   422.50000  1738.95454
   423.50000  1713.23954
   424.50000  1750.25579
   425.50000  1733.35350
   426.50000  1721.59550
   427.50000  1653.37061
   428.50000  1647.93446
   429.50000  1491.13161
   430.50000  1241.04814
   431.50000  1533.67704
   432.50000  1691.31786
   433.50000  1665.55007
   434.50000  1626.96854
   435.50000  1744.40693
   436.50000  1837.53350
   437.50000  1776.65621
   438.50000  1704.01154
   439.50000  1770.97389
   440.50000  1843.46436
   441.50000  1908.85189
   442.50000  1962.74750
   443.50000  1963.83429
   444.50000  1960.95371
   445.50000  1923.70861
   446.50000  1907.07379
   447.50000  2014.43536
   448.50000  2034.83889
   449.50000  2051.00100
   450.50000  2138.61504
   451.50000  2143.90636
   452.50000  2038.85129
   453.50000  1982.59246
   454.50000  2069.31136
   455.50000  2079.10679
   456.50000  2131.49486
   457.50000  2128.04732
   458.50000  2071.44889
   459.50000  2054.49957
   460.50000  2082.55900
   461.50000  2111.29150
   462.50000  2127.36554
   463.50000  2099.52296
   464.50000  2049.12457
   465.50000  2045.44364
   466.50000  2025.52143
   467.50000  2010.95736
   468.50000  2043.04907
   469.50000  2024.22986
   470.50000  1991.19239
   471.50000  2036.74164
   472.50000  2095.80243
   473.50000  2064.96357
   474.50000  2106.47400
   475.50000  2101.53968
   476.50000  2069.28011
   477.50000  2119.76650
   478.50000  2115.34164
   479.50000  2110.17757
   480.50000  2096.27189
   481.50000  2108.46164
   482.50000  2085.69489
   483.50000  2055.30689
   484.50000  2027.35861
   485.50000  1841.44975
   486.50000  1736.55204
   487.50000  1876.64711
   488.50000  1932.09039
   489.50000  2007.84693
   490.50000  2033.46946
   491.50000  1959.14143
   492.50000  1951.50268
   493.50000  1971.93700
   494.50000  2016.25893
   495.50000  2013.96932
   496.50000  2003.58286
   497.50000  1984.76164
   498.50000  1949.01493
   499.50000  1942.95971
   500.50000  1909.05771
   501.50000  1868.34611
   502.50000  1905.36829
   503.50000  1938.66914
   504.50000  1928.06582
   505.50000  1996.28486
   506.50000  2024.42229
   507.50000  1991.99332
   508.50000  1959.56643
   509.50000  1925.83264
   510.50000  1902.03507
   511.50000  1936.95732
   512.50000  1913.49246
   513.50000  1864.76932
   514.50000  1838.64654
   515.50000  1864.19521
   516.50000  1733.74354
   517.50000  1628.35614
   518.50000  1687.75725
   519.50000  1804.06693
   520.50000  1834.81196
   521.50000  1866.09539
   522.50000  1826.27529
   523.50000  1856.19857
   524.50000  1910.17679
   525.50000  1886.90121
   526.50000  1725.47046
   527.50000  1764.47714
   528.50000  1875.39414
   529.50000  1891.62079
   530.50000  1916.42789
   531.50000  1917.88496
   532.50000  1894.12807
   533.50000  1865.41379
   534.50000  1869.09346
   535.50000  1922.24782
   536.50000  1876.49282
   537.50000  1874.27907
   538.50000  1884.49450
   539.50000  1839.89964
   540.50000  1801.16939
   541.50000  1838.39157
   542.50000  1857.74500
   543.50000  1871.40014
   544.50000  1885.74911
   545.50000  1888.19939
   546.50000  1886.47632
   547.50000  1862.36839
   548.50000  1869.37589
   549.50000  1889.57700
   550.50000  1877.94596
   551.50000  1882.61725
   552.50000  1877.58386
   553.50000  1870.12411
   554.50000  1887.11786
   555.50000  1875.74996
   556.50000  1835.27668
   557.50000  1810.98154
   558.50000  1785.60971
   559.50000  1759.77121
   560.50000  1800.83893
   561.50000  1815.45039
   562.50000  1792.79550
   563.50000  1799.80057
   564.50000  1802.61896
   565.50000  1785.00296
   566.50000  1784.17289
   567.50000  1813.88796
   568.50000  1797.74175
   569.50000  1791.19346
   570.50000  1771.52364
   571.50000  1772.75607
   572.50000  1839.87086
   573.50000  1846.97146
   574.50000  1829.34286
   575.50000  1800.68664
   576.50000  1806.40857
   577.50000  1808.12239
   578.50000  1781.82057
   579.50000  1793.73643
   580.50000  1808.21293
   581.50000  1815.12571
   582.50000  1831.63436
   583.50000  1831.65364
   584.50000  1816.56714
   585.50000  1782.30307
   586.50000  1777.18125
   587.50000  1799.93475
   588.50000  1729.30768
   589.50000  1654.32529
   590.50000  1732.61493
   591.50000  1772.04171
   592.50000  1774.39700
   593.50000  1770.22214
   594.50000  1774.42104
   595.50000  1764.98314
   596.50000  1775.62500
   597.50000  1772.03861
   598.50000  1754.35900
   599.50000  1752.64561
   600.50000  1739.85775
   601.50000  1717.48346
   602.50000  1723.10896
   603.50000  1752.82861
   604.50000  1757.52611
   605.50000  1745.86061
   606.50000  1737.60286
   607.50000  1728.84150
   608.50000  1710.79329
   609.50000  1699.79471
   610.50000  1698.84211
   611.50000  1699.98607
   612.50000  1690.39086
   613.50000  1667.70268
   614.50000  1664.92139
   615.50000  1650.23982
   616.50000  1618.01379
   617.50000  1641.85732
   618.50000  1664.93761
   619.50000  1673.85068
   620.50000  1687.61675
   621.50000  1674.56229
   622.50000  1662.74561
   623.50000  1652.07364
   624.50000  1635.81468
   625.50000  1628.70500
   626.50000  1659.51511
   627.50000  1678.53221
   628.50000  1678.04593
   629.50000  1657.54157
   630.50000  1648.46468
   631.50000  1623.64493
   632.50000  1642.55789
   633.50000  1632.33393
   634.50000  1636.64150
   635.50000  1634.83589
   636.50000  1629.31575
   637.50000  1650.67711
   638.50000  1648.62125
   639.50000  1614.53668
   640.50000  1600.72989
   641.50000  1593.04286
   642.50000  1608.82714
   643.50000  1602.40932
   644.50000  1603.56586
   645.50000  1588.74475
   646.50000  1589.73725
   647.50000  1599.95082
   648.50000  1594.37639
   649.50000  1546.14146
   650.50000  1599.89436
   651.50000  1607.10550
   652.50000  1582.86379
   653.50000  1568.94846
   654.50000  1543.43086
   655.50000  1440.77400
   656.50000  1323.02957
   657.50000  1463.18882
   658.50000  1533.04379
   659.50000  1537.32700
   660.50000  1549.58025
   661.50000  1557.58296
   662.50000  1551.31904
   663.50000  1531.80604
   664.50000  1535.03950
   665.50000  1537.97714
   666.50000  1528.32336
   667.50000  1523.36607
   668.50000  1532.19782
   669.50000  1527.34850
   670.50000  1520.66061
   671.50000  1512.51921
   672.50000  1507.03661
   673.50000  1503.24179
   674.50000  1499.62604
   675.50000  1496.16764
   676.50000  1492.91675
   677.50000  1489.85811
   678.50000  1486.97957
   679.50000  1484.24421
   680.50000  1481.73029
   681.50000  1479.40371
   682.50000  1477.24639
   683.50000  1475.27029
   684.50000  1473.47979
   685.50000  1471.87986
   686.50000  1470.44575
   687.50000  1469.19268
   688.50000  1470.63743
   689.50000  1477.46879
   690.50000  1479.00089
   691.50000  1470.50279
   692.50000  1464.46000
   693.50000  1466.03761
   694.50000  1456.97754
   695.50000  1454.76771
   696.50000  1458.28539
   697.50000  1437.64046
   698.50000  1454.28761
   699.50000  1457.36200
